0 0.000000
0 0.000000
0 0.000000
0 0.000000
0 0.000000
0 0.000000
0 0.000000
0 0.000000
0 0.000000
0 0.000000
0 0.000000
0 0.000000
0 0.000000
0 0.000000
0 0.000000
0 0.000000
0 0.000000
0 0.000000
0 0.000000
0 0.000000
0 0.000000
0 0.000000
0 0.000000
0 0.000000
0 0.000000
0 0.000000
0 0.000000
0 0.000000
0 0.000000
0 0.000000
0 0.000000
0 0.000000
0 0.000000
0 0.000000
0 0.000000
0 0.000000
0 0.000000
0 0.000000
0 0.000000
0 0.000000
0 0.000000
0 0.000000
0 0.000000
0 0.000000
0 0.000000
0 0.000000
0 0.000000
0 0.000000
0 0.000000
0 0.000000
0 0.000000
0 0.000000
0 0.000000
0 0.000000
0 0.000000
0 0.000000
0 0.000000
0 0.000000
0 0.000000
0 0.000000
0 0.000000
0 0.000000
0 0.000000
0 0.000000
0 0.000000
0 0.000000
0 0.000000
0 0.000000
0 0.000000
0 0.000000
0 0.000000
0 0.000000
0 0.000000
0 0.000000
0 0.000000
0 0.000000
0 0.000000
0 0.000000
0 0.000000
0 0.000000
0 0.000000
0 0.000000
0 0.000000
0 0.000000
0 0.000000
0 0.000000
0 0.000000
0 0.000000
0 0.000000
0 0.000000
0 0.000000
0 0.000000
0 0.000000
0 0.000000
0 0.000000
0 0.000000
0 0.000000
0 0.000000
0 0.000000
0 0.000000
0 0.000000
0 0.000000
0 0.000000
0 0.000000
0 0.000000
0 0.000000
0 0.000000
0 0.000000
0 0.000000
0 0.000000
0 0.000000
0 0.000000
0 0.000000
0 0.000000
0 0.000000
0 0.000000
0 0.000000
0 0.000000
0 0.000000
0 0.000000
0 0.000000
0 0.000000
0 0.000000
0 0.000000
0 0.000000
0 0.000000
0 0.000000
0 0.000000
0 0.000000
0 0.000000
0 0.000000
0 0.000000
0 0.000000
0 0.000000
0 0.000000
0 0.000000
0 0.000000
0 0.000000
0 0.000000
0 0.000000
0 0.000000
0 0.000000
0 0.000000
0 0.000000
0 0.000000
0 0.000000
0 0.000000
0 0.000000
0 0.000000
0 0.000000
0 0.000000
0 0.000000
0 0.000000
0 0.000000
0 0.000000
0 0.000000
0 0.000000
0 0.000000
0 0.000000
0 0.000000
0 0.000000
0 0.000000
0 0.000000
0 0.000000
0 0.000000
0 0.000000
0 0.000000
0 0.000000
0 0.000000
0 0.000000
0 0.000000
0 0.000000
0 0.000000
0 0.000000
0 0.000000
0 0.000000
0 0.000000
0 0.000000
0 0.000000
0 0.000000
0 0.000000
0 0.000000
0 0.000000
0 0.000000
0 0.000000
0 0.000000
0 0.000000
0 0.000000
0 0.000000
0 0.000000
0 0.000000
0 0.000000
0 0.000000
0 0.000000
0 0.000000
0 0.000000
0 0.000000
0 0.000000
0 0.000000
0 0.000000
0 0.000000
0 0.000000
0 0.000000
0 0.000000
0 0.000000
0 0.000000
0 0.000000
0 0.000000
0 0.000000
0 0.000000
0 0.000000
0 0.000000
0 0.000000
0 0.000000
0 0.000000
0 0.000000
0 0.000000
0 0.000000
0 0.000000
0 0.000000
0 0.000000
0 0.000000
0 0.000000
0 0.000000
0 0.000000
0 0.000000
0 0.000000
0 0.000000
0 0.000000
0 0.000000
0 0.000000
0 0.000000
0 0.000000
0 0.000000
0 0.000000
0 0.000000
0 0.000000
0 0.000000
0 0.000000
0 0.000000
0 0.000000
0 0.000000
0 0.000000
0 0.000000
0 0.000000
0 0.000000
0 0.000000
0 0.000000
0 0.000000
0 0.000000
0 0.000000
0 0.000000
0 0.000000
0 0.000000
0 0.000000
0 0.000000
0 0.000000
0 0.000000
0 0.000000
0 0.000000
0 0.000000
0 0.000000
0 0.000000
0 0.000000
0 0.000000
0 0.000000
0 0.000000
0 0.000000
0 0.000000
0 0.000000
0 0.000000
0 0.000000
0 0.000000
0 0.000000
0 0.000000
0 0.000000
0 0.000000
0 0.000000
0 0.000000
0 0.000000
0 0.000000
0 0.000000
0 0.000000
0 0.000000
0 0.000000
0 0.000000
0 0.000000
0 0.000000
0 0.000000
0 0.000000
0 0.000000
0 0.000000
0 0.000000
0 0.000000
0 0.000000
0 0.000000
0 0.000000
0 0.000000
0 0.000000
0 0.000000
0 0.000000
0 0.000000
0 0.000000
0 0.000000
0 0.000000
0 0.000000
0 0.000000
0 0.000000
0 0.000000
0 0.000000
0 0.000000
0 0.000000
0 0.000000
0 0.000000
0 0.000000
0 0.000000
0 0.000000
0 0.000000
0 0.000000
0 0.000000
0 0.000000
0 0.000000
0 0.000000
0 0.000000
0 0.000000
0 0.000000
0 0.000000
0 0.000000
0 0.000000
0 0.000000
0 0.000000
0 0.000000
0 0.000000
0 0.000000
0 0.000000
0 0.000000
0 0.000000
0 0.000000
0 0.000000
0 0.000000
0 0.000000
0 0.000000
0 0.000000
0 0.000000
0 0.000000
0 0.000000
0 0.000000
0 0.000000
0 0.000000
0 0.000000
0 0.000000
0 0.000000
0 0.000000
0 0.000000
0 0.000000
0 0.000000
0 0.000000
0 0.000000
0 0.000000
0 0.000000
0 0.000000
0 0.000000
0 0.000000
0 0.000000
0 0.000000
0 0.000000
0 0.000000
0 0.000000
0 0.000000
0 0.000000
0 0.000000
0 0.000000
0 0.000000
0 0.000000
0 0.000000
0 0.000000
0 0.000000
0 0.000000
0 0.000000
0 0.000000
0 0.000000
0 0.000000
0 0.000000
0 0.000000
0 0.000000
0 0.000000
0 0.000000
0 0.000000
0 0.000000
0 0.000000
0 0.000000
0 0.000000
0 0.000000
0 0.000000
0 0.000000
0 0.000000
0 0.000000
0 0.000000
0 0.000000
0 0.000000
0 0.000000
0 0.000000
0 0.000000
0 0.000000
0 0.000000
0 0.000000
0 0.000000
0 0.000000
0 0.000000
0 0.000000
0 0.000000
0 0.000000
0 0.000000
0 0.000000
0 0.000000
0 0.000000
0 0.000000
0 0.000000
0 0.000000
0 0.000000
0 0.000000
0 0.000000
0 0.000000
0 0.000000
0 0.000000
0 0.000000
0 0.000000
0 0.000000
0 0.000000
0 0.000000
0 0.000000
0 0.000000
0 0.000000
0 0.000000
0 0.000000
0 0.000000
0 0.000000
0 0.000000
0 0.000000
0 0.000000
0 0.000000
0 0.000000
0 0.000000
0 0.000000
0 0.000000
0 0.000000
0 0.000000
0 0.000000
0 0.000000
0 0.000000
0 0.000000
0 0.000000
0 0.000000
0 0.000000
0 0.000000
0 0.000000
0 0.000000
0 0.000000
0 0.000000
0 0.000000
0 0.000000
0 0.000000
0 0.000000
0 0.000000
0 0.000000
0 0.000000
0 0.000000
0 0.000000
0 0.000000
0 0.000000
0 0.000000
0 0.000000
0 0.000000
0 0.000000
0 0.000000
0 0.000000
0 0.000000
0 0.000000
0 0.000000
0 0.000000
0 0.000000
0 0.000000
0 0.000000
0 0.000000
0 0.000000
0 0.000000
0 0.000000
0 0.000000
0 0.000000
0 0.000000
0 0.000000
0 0.000000
0 0.000000
0 0.000000
0 0.000000
0 0.000000
0 0.000000
0 0.000000
0 0.000000
0 0.000000
40 0.000000
40 1.196788
40 1.432018
40 1.801536
40 2.043521
40 2.326995
40 2.516613
40 2.815180
40 3.027851
40 3.303319
40 3.421807
40 3.629497
40 3.780782
40 3.891084
40 4.092831
40 4.159185
40 4.167186
40 4.334696
40 4.416529
40 4.395422
40 4.501263
40 4.578513
40 4.634890
40 4.676037
40 4.706070
40 4.727987
40 4.743984
40 4.755658
40 4.885427
40 4.899306
40 4.869018
40 4.846913
40 4.992443
40 4.936997
40 5.017776
40 4.995898
40 4.939515
40 5.060031
40 4.986323
40 5.053773
40 5.022172
40 5.079941
40 5.041271
40 5.134291
40 5.040521
40 5.133747
40 5.040123
40 5.133460
40 5.161163
40 5.100547
40 5.177560
40 5.193343
40 5.124040
40 5.194699
40 5.205852
40 5.133170
40 5.201363
40 5.210721
40 5.136724
40 5.203957
40 5.212615
40 5.138106
40 5.204959
40 5.253764
40 5.248966
40 5.164630
40 5.224330
40 5.267895
40 5.259280
40 5.172164
40 5.229822
40 5.271904
40 5.262206
40 5.295538
40 5.198627
40 5.249136
40 5.286006
40 5.272498
40 5.181805
40 5.236858
40 5.277039
40 5.306371
40 5.287368
40 5.313890
40 5.212021
40 5.258912
40 5.293135
40 5.318125
40 5.295940
40 5.320159
40 5.216590
40 5.262246
40 5.295581
40 5.319897
40 5.297234
40 5.321104
40 5.217279
40 5.262762
40 5.295945
40 5.320163
40 5.337838
40 5.350739
40 5.319743
40 5.337532
40 5.229269
40 5.271513
40 5.302331
40 5.324824
40 5.341240
40 5.353234
40 5.361975
40 5.368355
40 5.373024
40 5.335995
40 5.349406
40 5.359181
40 5.366302
40 5.250280
40 5.286835
40 5.313514
40 5.332985
40 5.347209
40 5.357578
40 5.365146
40 5.370669
40 5.374712
40 5.337240
40 5.350302
40 5.359835
40 5.366793
40 5.250638
40 5.287096
40 5.313692
40 5.333128
40 5.347301
40 5.357645
40 5.365194
40 5.370717
40 5.374735
40 5.377667
40 5.379820
40 5.381379
40 5.342105
40 5.353853
40 5.362427
40 5.368697
40 5.373261
40 5.255346
40 5.290532
40 5.316213
40 5.334955
40 5.348634
40 5.358618
40 5.365917
40 5.371232
40 5.375111
40 5.377954
40 5.380017
40 5.381523
40 5.382634
40 5.383432
40 5.384015
40 5.344017
40 5.355248
40 5.363445
40 5.369427
40 5.373794
40 5.377006
40 5.379325
40 5.381017
40 5.382253
40 5.383154
40 5.383812
40 5.384293
40 5.384669
40 5.384918
40 5.385099
40 5.385232
40 5.385329
40 5.385399
40 5.385451
40 5.385514
40 5.385535
40 5.385550
40 5.385561
40 5.264322
40 5.418329
40 5.409484
40 5.281783
40 5.309827
40 5.330295
40 5.345233
40 5.356161
40 5.364111
40 5.369914
40 5.374149
40 5.377240
40 5.379496
40 5.381142
40 5.382370
40 5.383239
40 5.383874
40 5.384338
40 5.384676
40 5.384923
40 5.385103
40 5.385235
40 5.385331
40 5.385401
40 5.385452
40 5.385489
40 5.385516
40 5.385536
40 5.385550
40 5.385587
40 5.385588
40 5.506834
40 5.352833
40 5.482954
40 5.456650
40 5.437453
40 5.423441
40 5.413190
40 5.405734
40 5.400291
40 5.436769
40 5.422943
40 5.412852
40 5.405487
40 5.400111
40 5.396188
40 5.393351
40 5.391254
40 5.389724
40 5.388607
40 5.387792
40 5.387197
40 5.386763
40 5.386446
40 5.507460
40 5.474536
40 5.450532
40 5.432988
40 5.460581
40 5.440321
40 5.425535
40 5.414743
40 5.406893
40 5.401138
40 5.396937
40 5.393872
40 5.391634
40 5.390001
40 5.388810
40 5.387940
40 5.387331
40 5.386860
40 5.386517
40 5.507513
40 5.474574
40 5.450534
40 5.432989
40 5.420184
40 5.410838
40 5.444467
40 5.428561
40 5.416952
40 5.408479
40 5.402296
40 5.397782
40 5.394463
40 5.392091
40 5.390335
40 5.389053
40 5.388117
40 5.387434
40 5.386936
40 5.386572
40 5.386307
40 5.507385
40 5.474481
40 5.450467
40 5.432965
40 5.420166
40 5.451223
40 5.433492
40 5.420551
40 5.411106
40 5.404238
40 5.399200
40 5.395523
40 5.392839
40 5.390881
40 5.389452
40 5.388408
40 5.387647
40 5.508337
40 5.475176
40 5.450974
40 5.433335
40 5.420436
40 5.451420
40 5.433636
40 5.420656
40 5.411182
40 5.404294
40 5.399241
40 5.395527
40 5.392843
40 5.390935
40 5.389491
40 5.388437
40 5.387668
40 5.387106
40 5.386697
40 5.386398
40 5.386179
40 5.386020
40 5.507150
40 5.474309
40 5.450393
40 5.432886
40 5.420108
40 5.451181
40 5.433461
40 5.420528
40 5.411089
40 5.404201
40 5.399173
40 5.395503
40 5.392825
40 5.390870
40 5.389443
40 5.388454
40 5.387680
40 5.387115
40 5.386703
40 5.386403
40 5.507377
40 5.474475
40 5.571657
40 5.521389
40 5.484702
40 5.457978
40 5.438422
40 5.464599
40 5.443254
40 5.427676
40 5.416306
40 5.408008
40 5.401951
40 5.397480
40 5.394268
40 5.391923
40 5.390212
40 5.510261
40 5.476580
40 5.451999
40 5.434058
40 5.461362
40 5.440892
40 5.425951
40 5.415048
40 5.407089
40 5.401281
40 5.397042
40 5.515245
40 5.480218
40 5.495051
40 5.465479
40 5.443897
40 5.428145
40 5.416648
40 5.408257
40 5.402133
40 5.518961
40 5.482930
40 5.497031
40 5.466925
40 5.444952
40 5.428915
40 5.417210
40 5.408668
40 5.523730
40 5.486411
40 5.499571
40 5.468779
40 5.446305
40 5.429902
40 5.417931
40 5.530439
40 5.491359
40 5.503183
40 5.471415
40 5.448228
40 5.431306
40 5.418955
40 5.531187
40 5.491853
40 5.503543
40 5.471729
40 5.448458
40 5.431474
40 5.419078
40 5.531225
40 5.491881
40 5.503615
40 5.471730
40 5.448459
40 5.431526
40 5.540310
40 5.498511
40 5.508454
40 5.475262
40 5.451036
40 5.433304
40 5.420413
40 5.532303
40 5.533065
40 5.493224
40 5.464146
40 5.442923
40 5.427434
40 5.537375
40 5.536819
40 5.495964
40 5.466146
40 5.444383
40 5.428499
40 5.538153
40 5.496937
40 5.507254
40 5.474385
40 5.450448
40 5.432926
40 5.420138
40 5.532050
40 5.492483
40 5.504004
40 5.472013
40 5.448666
40 5.431625
40 5.419240
40 5.531395
40 5.492005
40 5.503654
40 5.471758
40 5.448479
40 5.431489
40 5.419089
40 5.531336
40 5.491962
40 5.503623
40 5.471735
40 5.448462
40 5.431477
40 5.540326
40 5.498523
40 5.508463
40 5.475268
40 5.451041
40 5.433359
40 5.420454
40 5.532229
40 5.533063
40 5.493222
40 5.464196
40 5.442960
40 5.427461
40 5.537344
40 5.496346
40 5.506875
40 5.474109
40 5.450195
40 5.432741
40 5.541249
40 5.539646
40 5.498027
40 5.467651
40 5.445430
40 5.550510
40 5.505956
40 5.513888
40 5.479227
40 5.453930
40 5.435468
40 5.543239
40 5.500649
40 5.509963
40 5.476363
40 5.451891
40 5.433980
40 5.542152
40 5.499856
40 5.509384
40 5.475940
40 5.451531
40 5.433717
40 5.542012
40 5.499753
60 5.509309
60 5.637530
60 5.892806
60 6.200364
60 6.343985
60 6.570052
60 6.856292
60 6.984406
60 7.199103
60 7.355799
60 7.470213
60 7.674964
60 7.743501
60 7.753124
60 7.921843
60 8.044981
60 8.134853
60 8.079148
60 8.159790
60 8.218645
60 8.261600
60 8.292900
60 8.315795
60 8.332505
60 8.344701
60 8.474796
60 8.489000
60 8.458866
60 8.436924
60 8.420910
60 8.530416
60 8.529543
60 8.488507
60 8.579803
60 8.565536
60 8.514777
60 8.598976
60 8.579581
60 8.525027
60 8.606458
60 8.585041
60 8.529013
60 8.649764
60 8.576199
60 8.643805
60 8.612299
60 8.548906
60 8.664284
60 8.586847
60 8.651577
60 8.617971
60 8.553046
60 8.667305
60 8.589001
60 8.693598
60 8.608191
60 8.667153
60 8.629288
60 8.682603
60 8.640615
60 8.569573
60 8.679316
60 8.597818
60 8.700033
60 8.612939
60 8.710966
60 8.620918
60 8.716841
60 8.625257
60 8.719905
60 8.627494
60 8.721641
60 8.749954
60 8.689720
60 8.726761
60 8.672792
60 8.714303
60 8.663700
60 8.748168
60 8.648018
60 8.736620
60 8.639589
60 8.730571
60 8.756370
60 8.694402
60 8.730075
60 8.675314
60 8.756541
60 8.654129
60 8.741183
60 8.764114
60 8.700157
60 8.734172
60 8.678305
60 8.758724
60 8.655826
60 8.742215
60 8.765074
60 8.700755
60 8.775109
60 8.788979
60 8.718305
60 8.747416
60 8.687971
60 8.765779
60 8.782169
60 8.713232
60 8.784319
60 8.674402
60 8.755877
60 8.774941
60 8.708059
60 8.780337
60 8.792897
60 8.721062
60 8.789930
60 8.799795
60 8.726199
60 8.793576
60 8.681262
60 8.760882
60 8.778595
60 8.710623
60 8.782414
60 8.794207
60 8.722120
60 8.790703
60 8.800359
60 8.726507
60 8.794007
60 8.681474
60 8.761037
60 8.819003
60 8.699820
60 8.774426
60 8.788480
60 8.717837
60 8.787680
60 8.798050
60 8.724925
60 8.792749
60 8.801853
60 8.727598
60 8.754406
60 8.692969
60 8.769427
60 8.784831
60 8.715175
60 8.785634
60 8.796762
60 8.723883
60 8.751591
60 8.690914
60 8.767927
60 8.783736
60 8.714375
60 8.785153
60 8.796309
60 8.723551
60 8.791747
60 8.801122
60 8.727064
60 8.794415
60 8.681770
60 8.761253
60 8.778763
60 8.710952
60 8.782449
60 8.794335
60 8.722214
60 8.790771
60 8.800305
60 8.726571
60 8.753553
60 8.692450
60 8.768945
60 8.784582
60 8.714993
60 8.785501
60 8.796562
60 8.723840
60 8.791855
60 8.680006
60 8.759966
60 8.777926
60 8.710135
60 8.782059
60 8.793947
60 8.721931
60 8.790565
60 8.800259
60 8.726434
60 8.793954
60 8.802629
60 8.728267
60 8.795189
60 8.803634
60 8.728897
60 8.795752
60 8.682747
60 8.761967
60 8.819784
60 8.700390
60 8.774740
60 8.829210
60 8.707167
60 8.779789
60 8.792291
60 8.720825
60 8.789655
60 8.799594
60 8.725949
60 8.793600
60 8.842769
60 8.717165
60 8.787086
60 8.838118
60 8.713667
60 8.784636
60 8.836226
60 8.712390
60 8.783601
60 8.835574
60 8.833108
60 8.750512
60 8.811321
60 8.815511
60 8.737566
60 8.801976
60 8.848985
60 8.842896
60 8.757552
60 8.816666
60 8.819205
60 8.740365
60 8.804019
60 8.850476
60 8.844088
60 8.758423
60 8.817198
60 8.860094
60 8.851004
60 8.763470
60 8.820985
60 8.822357
60 8.742665
60 8.805697
60 8.851701
60 8.844775
60 8.759130
60 8.817612
60 8.860396
60 8.851225
60 8.763735
60 8.820971
60 8.822554
60 8.742706
60 8.805727
60 8.851723
60 8.844894
60 8.844894
60 8.880309
60 8.906156
60 8.925020
60 8.898390
60 8.798055
60 8.846226
60 8.881177
60 8.866494
60 8.774776
60 8.829133
60 8.868909
60 8.857334
60 8.768090
60 8.824357
60 8.865319
60 8.854817
60 8.766356
60 8.822886
60 8.864348
60 8.854006
60 8.765764
60 8.822556
60 8.864005
60 8.853755
60 8.765684
60 8.822394
60 8.863990
60 8.853745
60 8.765574
60 8.822313
60 8.863931
60 8.894099
60 8.875925
60 8.781659
60 8.834157
60 8.872472
60 8.860038
60 8.891464
60 8.793000
60 8.842434
60 8.878513
60 8.864448
60 8.773282
60 8.828146
60 8.867982
60 8.856864
60 8.888942
60 8.791262
60 8.841166
60 8.877587
60 8.863771
60 8.772892
60 8.827655
60 8.867829
60 8.856546
60 8.767618
60 8.823909
60 8.864992
60 8.894977
60 8.876463
60 8.782051
60 8.834546
60 8.872653
60 8.860170
60 8.891561
60 8.793070
60 8.842587
60 8.878522
60 8.864453
60 8.773286
60 8.828149
60 8.867984
60 8.897264
60 8.878029
60 8.783298
60 8.835353
60 8.873345
60 8.860676
60 8.891827
60 8.793264
60 8.842730
60 8.878626
60 8.864633
60 8.894611
60 8.795400
60 8.844185
60 8.879791
60 8.865483
60 8.774038
60 8.828595
60 8.868413
60 8.897473
60 8.878285
60 8.904679
60 8.802645
60 8.849576
60 8.883622
60 8.908677
60 8.886359
60 8.789377
60 8.839789
60 8.876583
60 8.903437
60 8.882637
60 8.907855
60 8.805066
60 8.851137
60 8.884968
60 8.909556
60 8.887001
60 8.911143
60 8.807363
60 8.852917
60 8.886164
60 8.910429
60 8.887741
60 8.911580
60 8.807681
60 8.853251
60 8.886305
60 8.910635
60 8.928289
60 8.900776
60 8.799796
60 8.847394
60 8.882236
60 8.907459
60 8.926074
60 8.899056
60 8.919942
60 8.813785
60 8.857603
60 8.889584
60 8.912925
60 8.929960
60 8.901996
60 8.800686
60 8.848146
60 8.882579
60 8.907915
60 8.885906
60 8.910138
60 8.806835
60 8.852428
60 8.885910
60 8.910141
60 8.887530
60 8.911427
60 8.928866
60 8.941492
60 8.950913
60 8.957583
60 8.922259
60 8.815475
60 8.858837
60 8.890485
60 8.913583
60 8.890042
60 8.913260
60 8.809011
60 8.854119
60 8.887041
60 8.911069
60 8.888207
60 8.911921
60 8.808033
60 8.853303
60 8.886549
60 8.910607
60 8.887974
60 8.790453
60 8.840575
60 8.877156
60 8.903854
60 8.923444
60 8.937534
60 8.907626
60 8.804795
60 8.851043
60 8.884796
60 8.909431
60 8.927410
60 8.900134
60 8.920522
60 8.814414
60 8.857960
60 8.889948
60 8.913088
60 8.889681
60 8.912996
60 8.808818
60 8.853927
60 8.886952
60 8.910953
60 8.928573
60 8.941329
60 8.910344
60 8.806831
60 8.852477
60 8.885946
60 8.910270
60 8.928022
60 8.900530
60 8.920914
60 8.814596
60 8.858195
60 8.890017
60 8.913189
60 8.930153
60 8.902136
60 8.800840
60 8.848156
60 8.882689
60 8.907893
60 8.926339
60 8.939751
60 8.909141
60 8.927198
60 8.819132
60 8.861506
60 8.892433
60 8.915005
60 8.931479
60 8.903104
60 8.922792
60 8.815916
60 8.859159
60 8.890720
60 8.913806
60 8.930603
60 8.902465
60 8.922326
60 8.815576
60 8.858911
60 8.890538
60 8.913622
60 8.930470
60 8.902315
60 8.801023
80 8.969483
80 9.173385
80 9.402946
80 9.651337
80 9.953920
80 10.174708
80 10.457043
80 10.703604
80 10.923902
80 11.165584
80 11.261075
80 11.452066
80 11.591460
80 11.814442
80 11.896336
80 11.915708
80 12.091490
80 12.219783
80 12.273019
80 12.352271
80 12.410164
80 12.492764
80 12.512650
80 12.527164
80 12.537758
80 12.666786
80 12.680058
80 12.649345
80 12.788626
80 12.728583
80 12.846406
80 12.770805
80 12.877221
80 12.793244
80 12.893599
80 12.926443
80 12.869567
80 12.949353
80 12.967135
80 12.899318
80 12.971015
80 13.023395
80 13.021174
80 12.938705
80 12.999814
80 13.003963
80 13.047441
80 12.957877
80 13.013755
80 13.014190
80 12.933608
80 12.996094
80 13.041647
80 13.034495
80 12.948480
80 13.006896
80 13.049582
80 13.040236
80 12.952669
80 13.010005
80 13.051800
80 13.082303
80 13.064168
80 12.970136
80 13.022701
80 13.061117
80 13.089104
80 13.069131
80 12.973758
80 13.025345
80 13.063047
80 13.090512
80 13.070211
80 13.095741
80 12.993128
80 13.039534
80 13.073351
80 13.098083
80 13.116083
80 13.088874
80 13.109362
80 13.003120
80 13.046775
80 13.078688
80 13.101928
80 13.118940
80 13.090856
80 13.110808
80 13.125422
80 13.136037
80 13.143835
80 13.149475
80 13.153643
80 13.156632
80 13.118443
80 13.130968
80 13.140110
80 13.025536
80 13.063161
80 13.090621
80 13.110662
80 13.125290
80 13.135965
80 13.103333
80 13.119941
80 13.010816
80 13.052417
80 13.082780
80 13.104914
80 13.121094
80 13.092505
80 13.112038
80 13.126293
80 13.015426
80 13.055781
80 13.085236
80 13.106732
80 13.122421
80 13.133872
80 13.142229
80 13.148329
80 13.112356
80 13.126526
80 13.136868
80 13.144415
80 13.028678
80 13.065454
80 13.092295
80 13.111884
80 13.126182
80 13.136617
80 13.144233
80 13.149791
80 13.153848
80 13.156808
80 13.118545
80 13.131042
80 13.140164
80 13.146822
80 13.151681
80 13.033956
80 13.069305
80 13.095105
80 13.113935
80 13.127679
80 13.137709
80 13.145029
80 13.150372
80 13.154245
80 13.157099
80 13.159181
80 13.160701
80 13.161810
80 13.122221
80 13.133726
80 13.142110
80 13.148241
80 13.031470
80 13.067479
80 13.093773
80 13.112963
80 13.126968
80 13.137191
80 13.144651
80 13.150096
80 13.154058
80 13.156961
80 13.159081
80 13.160627
80 13.161757
80 13.122169
80 13.133676
80 13.142086
80 13.026978
80 13.064214
80 13.091390
80 13.111223
80 13.125699
80 13.136251
80 13.143966
80 13.149596
80 13.153706
80 13.156705
80 13.118483
80 13.130991
80 13.140120
80 13.146783
80 13.030406
80 13.066715
80 13.093215
80 13.112550
80 13.126667
80 13.136971
80 13.144485
80 13.149975
80 13.153981
80 13.156899
80 13.159036
80 13.160595
80 13.161733
80 13.122149
80 13.133670
80 13.142078
80 13.148218
80 13.152697
80 13.155968
80 13.037107
80 13.071602
80 13.096780
80 13.115156
80 13.128568
80 13.138355
80 13.145499
80 13.150714
80 13.154519
80 13.154519
80 13.157297
80 13.159324
80 13.160804
80 13.161882
80 13.162671
80 13.163246
80 13.163665
80 13.163973
80 13.123780
80 13.175278
80 13.172445
80 13.170379
80 13.168873
80 13.167771
80 13.166970
80 13.166386
80 13.165959
80 13.165642
80 13.165416
80 13.165251
80 13.165124
80 13.165038
80 13.164975
80 13.164929
80 13.164889
80 13.205277
80 13.194344
80 13.226768
80 13.210035
80 13.157386
80 13.159390
80 13.160853
80 13.161922
80 13.203125
80 13.192773
80 13.185205
80 13.179694
80 13.175673
80 13.172737
80 13.170594
80 13.128607
80 13.138387
80 13.145512
80 13.150724
80 13.154529
80 13.157305
80 13.159331
80 13.160810
80 13.161890
80 13.162678
80 13.042006
80 13.075182
80 13.099395
80 13.117066
80 13.129964
80 13.139364
80 13.146237
80 13.151254
80 13.154915
80 13.157587
80 13.159525
80 13.160952
80 13.161993
80 13.162753
80 13.163308
80 13.163687
80 13.163989
80 13.164210
80 13.164371
80 13.164489
80 13.164575
80 13.164638
80 13.164683
80 13.164717
80 13.164741
80 13.164759
80 13.164772
80 13.164782
80 13.164788
80 13.124370
80 13.135294
80 13.143267
80 13.149086
80 13.153333
80 13.156432
80 13.158669
80 13.160327
80 13.161537
80 13.041201
80 13.074594
80 13.098965
80 13.116753
80 13.129709
80 13.139191
80 13.146111
80 13.151161
80 13.154847
80 13.157537
80 13.159501
80 13.160934
80 13.283200
80 13.251215
80 13.227871
80 13.210834
80 13.198399
80 13.189323
80 13.182700
80 13.177866
80 13.174337
80 13.171762
80 13.169883
80 13.208909
80 13.196995
80 13.188299
80 13.181952
80 13.177320
80 13.173940
80 13.171473
80 13.169672
80 13.168358
80 13.167398
80 13.166673
80 13.166194
80 13.165793
80 13.165552
80 13.165325
80 13.165211
80 13.165075
80 13.165029
80 13.286241
80 13.253408
80 13.229498
80 13.211944
80 13.199235
80 13.189908
80 13.183152
80 13.178170
80 13.215035
80 13.201388
80 13.191531
80 13.184285
80 13.179049
80 13.175175
80 13.172400
80 13.170322
80 13.168858
80 13.167737
80 13.166971
80 13.166361
80 13.165967
80 13.165627
80 13.165431
80 13.165236
80 13.165146
80 13.165029
80 13.164994
80 13.164918
80 13.164913
80 13.164859
80 13.164870
80 13.286021
80 13.253300
80 13.229367
80 13.211951
80 13.239690
80 13.219382
80 13.204664
80 13.193871
80 13.186045
80 13.180282
80 13.176126
80 13.173042
80 13.170843
80 13.169187
80 13.168029
80 13.167132
80 13.166530
80 13.166039
80 13.165731
80 13.165456
80 13.165306
80 13.165145
80 13.165079
80 13.164980
80 13.164959
80 13.164892
80 13.164895
80 13.286039
80 13.253313
80 13.229377
80 13.211959
80 13.199195
80 13.189930
80 13.183117
80 13.178196
80 13.174553
80 13.171946
80 13.169991
80 13.168616
80 13.167562
80 13.166843
80 13.206665
80 13.195382
80 13.187097
80 13.181101
80 13.176673
80 13.173492
80 13.171120
80 13.169440
80 13.168162
80 13.167281
80 13.166587
80 13.166132
80 13.165748
80 13.165519
80 13.165300
80 13.165193
80 13.165063
80 13.164968
80 13.286196
80 13.253376
80 13.229474
80 13.211978
80 13.199260
80 13.189926
80 13.223564
80 13.207664
80 13.196112
80 13.187629
80 13.181489
80 13.176956
80 13.173699
80 13.171271
80 13.169551
80 13.168243
80 13.167340
80 13.166630
80 13.166162
80 13.165771
80 13.165536
80 13.165313
80 13.165202
80 13.165121
80 13.164959
80 13.164944
80 13.164932
80 13.164924
80 13.164815
80 13.164839
80 13.164856
80 13.164868
80 13.164774
80 13.164808
80 13.164833
80 13.286046
80 13.253318
80 13.229328
80 13.211923
80 13.199220
80 13.189948
80 13.183079
80 13.178168
80 13.174584
80 13.171968
80 13.169956
80 13.168591
80 13.167594
80 13.207265
80 13.195717
80 13.187392
80 13.181316
80 13.176882
80 13.173542
80 13.171207
80 13.169504
80 13.168261
80 13.167250
80 13.166615
80 13.166153
80 13.165815
80 13.165465
80 13.165313
80 13.165202
80 13.165121
60 13.164959
60 13.003248
60 12.844827
60 12.607906
60 12.313797
60 12.058641
60 11.872624
60 11.696257
60 11.486739
60 11.253028
60 11.001659
60 10.777699
60 10.614345
60 10.495019
60 10.408033
60 10.182749
60 10.139624
60 10.027352
60 9.905014
60 9.815623
60 9.750484
60 9.662545
60 9.517465
60 9.532875
60 9.382427
60 9.434216
60 9.310525
60 9.341341
60 9.283035
60 9.200186
60 9.139513
60 9.216632
60 9.192121
60 9.133627
60 9.091142
60 9.059928
60 9.037250
60 9.020698
60 9.008617
60 8.999904
60 8.993339
60 8.988752
60 8.985200
60 9.104007
60 9.069420
60 9.044177
60 8.904456
60 8.923882
60 8.937958
60 8.948231
60 8.955729
60 8.961201
60 8.965194
60 8.968108
60 8.970236
60 8.971788
60 8.972921
60 8.973851
60 8.974324
60 8.974875
60 8.934673
60 8.945936
60 8.953950
60 8.960005
60 8.964218
60 8.846202
60 8.881263
60 8.906852
60 8.925631
60 8.939131
60 8.949189
60 8.956325
60 8.961739
60 8.965484
60 8.927922
60 8.940907
60 8.950382
60 8.957298
60 8.962346
60 8.844732
60 8.880294
60 8.906145
60 8.925013
60 8.938783
60 8.948833
60 8.956167
60 8.961520
60 8.965427
60 8.968279
60 8.970360
60 8.931583
60 8.943475
60 8.952360
60 8.958639
60 8.963428
60 8.966717
60 8.969323
60 8.971019
60 8.851166
60 8.884886
60 8.909496
60 8.927561
60 8.940539
60 8.950217
60 8.957075
60 8.962286
60 8.965883
60 8.968715
60 8.970575
60 8.972139
60 8.973178
60 8.973936
60 8.974489
60 8.974893
60 8.975187
60 8.975299
60 8.975587
60 8.975694
60 8.975772
60 8.975829
60 8.975870
60 8.975901
60 8.975923
60 8.975923
60 8.976042
60 8.976026
60 8.976014
60 8.976006
60 8.976000
60 8.975995
60 8.975991
60 8.975989
60 8.975987
60 8.975986
60 8.976089
60 8.975957
60 8.976067
60 8.975941
60 8.976055
60 8.975932
60 8.976048
60 8.975927
60 8.976046
60 8.976028
60 8.976016
60 8.976007
60 8.976001
60 8.975996
60 8.975992
60 8.975989
60 8.975987
60 8.975986
60 8.976089
60 8.975957
60 8.975964
60 8.975968
60 8.975972
60 8.975975
60 8.975977
60 8.975979
60 8.975980
60 8.976084
60 8.975953
60 8.976064
60 8.975939
60 8.976053
60 8.975931
60 8.976048
60 8.976030
60 8.976017
60 8.976007
60 9.097195
60 9.064551
60 9.040521
60 9.023189
60 9.010436
60 9.001128
60 8.994335
60 8.989377
60 9.026156
60 9.012602
60 9.002709
60 8.995489
60 8.990219
60 8.986476
60 8.983538
60 8.981600
60 8.979980
60 8.979003
60 8.978084
60 8.977619
60 8.977074
60 8.976779
60 8.976666
60 8.976378
60 8.976375
60 9.097463
60 9.064644
60 9.040794
60 9.023182
60 9.010533
60 9.041494
60 9.023899
60 9.010851
60 9.001534
60 8.994529
60 8.989621
60 8.985936
60 8.983247
60 8.981284
60 8.979852
60 8.978806
60 9.099238
60 9.066043
60 9.041713
60 9.023955
60 9.010995
60 9.001536
60 9.035031
60 9.019079
60 9.007437
60 8.999043
60 8.992710
60 8.988295
60 8.984865
60 8.982569
60 8.980686
60 8.979519
60 8.978460
60 8.977894
60 8.977378
60 8.976898
60 8.976754
60 8.976442
60 9.097615
60 9.064755
60 9.040773
60 9.023373
60 9.010467
60 9.001253
60 8.994323
60 8.989471
60 9.026122
60 9.012680
60 9.002766
60 8.995530
60 8.990250
60 8.986395
60 8.983582
60 8.981528
60 8.980030
60 8.978936
60 8.978138
60 8.977659
60 8.977103
60 8.976904
60 8.976552
60 8.976501
60 8.976258
60 9.097481
60 9.064657
60 9.040701
60 9.023217
60 9.050855
60 9.030730
60 9.015837
60 9.005173
60 8.997287
60 8.991531
60 8.987330
60 8.984161
60 8.982055
60 8.980311
60 9.100439
60 9.066919
60 9.042249
60 9.064848
60 9.040737
60 9.023346
60 9.010448
60 9.001240
60 8.994416
60 8.989436
60 8.985802
60 8.983149
60 9.102510
60 9.068225
60 9.043408
60 9.065591
60 9.041383
60 9.023714
60 9.010819
60 9.001408
60 8.994539
60 8.989526
60 8.985868
60 9.104494
60 9.069776
60 9.084835
60 9.055428
60 9.033965
60 9.018301
60 9.006971
60 8.998496
60 8.992517
60 8.987947
60 9.106011
60 9.070780
60 9.045273
60 9.066952
60 9.042376
60 9.024439
60 9.011399
60 9.001780
60 8.994862
60 8.989710
60 8.986053
60 8.983280
60 9.102606
60 9.068449
60 9.043417
60 9.065649
60 9.041425
60 9.023746
60 9.010842
60 9.001425
60 8.994603
60 8.989573
60 9.107096
60 9.071674
60 9.045823
60 9.067353
60 9.042721
60 9.024691
60 9.011532
60 9.001928
60 8.994919
60 8.989803
60 8.986070
60 9.104642
60 9.069883
60 9.044516
60 9.066400
60 9.041973
60 9.024145
60 9.011134
60 9.001689
60 8.994744
60 8.989676
60 8.985976
60 8.983276
60 9.102551
60 9.068358
60 9.043454
60 9.065624
60 9.041407
60 9.023732
60 9.010833
60 9.001418
60 8.994547
60 8.989532
60 8.985923
60 9.104432
60 9.069731
60 9.044404
60 9.066369
60 9.041950
60 9.024129
60 9.011122
60 9.001629
60 8.994700
60 8.989644
60 9.107200
60 9.071802
60 9.086314
60 9.056507
60 9.034753
60 9.018876
60 9.007288
60 8.998831
60 8.992659
60 8.988205
60 9.106149
60 9.070984
60 9.085717
60 9.056071
60 9.034487
60 9.018682
60 9.007146
60 8.998727
60 8.992582
60 8.988098
60 8.984825
60 8.982436
60 8.980693
60 9.100666
60 9.066982
60 9.042398
60 9.064905
60 9.040882
60 9.023349
60 9.010604
60 9.001251
60 8.994425
60 8.989443
60 8.985755
60 8.983115
60 8.981189
60 8.979782
60 9.100053
60 9.066534
60 9.042071
60 9.024217
60 9.051584
60 9.031160
60 9.016305
60 9.005412
60 8.997461
60 8.991659
60 8.987424
60 8.984333
60 8.982078
60 9.101728
60 9.067758
60 9.042964
60 9.065267
60 9.041146
60 9.023541
60 9.010694
60 9.001316
60 8.994524
60 8.989515
60 8.985859
60 9.104437
60 9.069683
60 9.084819
60 9.055468
60 9.033995
60 9.018322
60 9.006884
60 8.998535
60 8.992442
60 8.987995
60 8.984750
60 9.103627
60 9.069143
60 9.084373
60 9.055091
60 9.033719
60 9.018121
60 9.006788
60 8.998466
60 8.992392
60 9.109204
60 9.073214
60 9.046946
60 9.068224
60 9.043304
60 9.025117
60 9.011843
60 9.002155
60 8.995085
60 8.989924
60 8.986158
60 8.983460
60 9.102686
60 9.068457
60 9.043474
60 9.025241
60 9.052332
60 9.031757
60 9.016689
60 9.005692
60 8.997666
60 8.991808
60 8.987533
60 8.984412
60 8.982135
60 9.101719
60 9.067751
60 9.042959
60 9.024865
60 9.052109
60 9.031491
60 9.016547
60 9.005589
60 8.997590
60 8.991753
60 8.987493
60 8.984383
60 8.982113
60 8.980482
60 8.979266
60 9.099650
60 9.066240
60 9.041857
60 9.024060
60 9.011072
60 9.042016
60 9.024177
40 8.970758
40 8.850924
40 8.723040
40 8.468060
40 8.281964
40 8.146144
40 8.006593
40 7.783496
40 7.620670
40 7.380613
40 7.326628
40 7.125558
40 6.978835
40 6.871723
40 6.793549
40 6.696095
40 6.544122
40 6.554477
40 6.400364
40 6.409132
40 6.334684
40 6.239950
40 6.170809
40 6.241592
40 6.172008
40 6.161620
40 6.113640
40 6.038199
40 6.023562
40 6.012854
40 6.005064
40 5.878133
40 5.906739
40 5.927617
40 5.942829
40 5.953957
40 5.921655
40 5.817257
40 5.862309
40 5.895190
40 5.919188
40 5.896253
40 5.798744
40 5.848772
40 5.885284
40 5.871560
40 5.780670
40 5.835607
40 5.835303
40 5.754209
40 5.816294
40 5.861606
40 5.854253
40 5.768065
40 5.826381
40 5.828570
40 5.749294
40 5.812707
40 5.858988
40 5.731097
40 5.799426
40 5.849295
40 5.845243
40 5.761514
40 5.821626
40 5.825048
40 5.746775
40 5.810843
40 5.817204
40 5.741024
40 5.806671
40 5.814159
40 5.738802
40 5.805049
40 5.812975
40 5.737913
40 5.804400
40 5.812501
40 5.737592
40 5.804141
40 5.812338
40 5.737447
40 5.804060
40 5.812280
40 5.737405
40 5.804029
40 5.812257
40 5.737388
40 5.804018
40 5.812197
40 5.737396
40 5.804023
40 5.812201
40 5.737399
40 5.803999
40 5.812209
40 5.737379
40 5.804011
40 5.690972
40 5.770141
40 5.827921
40 5.708423
40 5.782877
40 5.796767
40 5.726109
40 5.795785
40 5.806214
40 5.733004
40 5.800792
40 5.809894
40 5.735664
40 5.802759
40 5.811329
40 5.736711
40 5.803523
40 5.811887
40 5.737118
40 5.803807
40 5.812095
40 5.737270
40 5.803931
40 5.812160
40 5.737343
40 5.803984
40 5.812198
40 5.737358
40 5.803996
40 5.812193
40 5.737368
40 5.804002
40 5.812212
40 5.737381
40 5.803999
40 5.690976
40 5.770131
40 5.787491
40 5.719338
40 5.790844
40 5.802608
40 5.730372
40 5.798884
40 5.808489
40 5.734638
40 5.802011
40 5.689512
40 5.769075
40 5.786720
40 5.718776
40 5.790421
40 5.802312
40 5.730143
40 5.798729
40 5.687117
40 5.767327
40 5.785444
40 5.717845
40 5.789741
40 5.801803
40 5.729772
40 5.798459
40 5.686920
40 5.767183
40 5.785339
40 5.717768
40 5.789685
40 5.680529
40 5.762506
40 5.781939
40 5.715273
40 5.787877
40 5.800443
40 5.728791
40 5.797717
40 5.686391
40 5.766785
40 5.785061
40 5.717553
40 5.789540
40 5.801656
40 5.729677
40 5.798377
40 5.686872
40 5.767136
40 5.785318
40 5.717740
40 5.789677
40 5.680511
40 5.762506
40 5.781919
40 5.715266
40 5.787871
40 5.679186
40 5.761539
40 5.781220
40 5.714756
40 5.787499
40 5.800167
40 5.728583
40 5.757174
40 5.697199
40 5.774685
40 5.790814
40 5.721758
40 5.792610
40 5.682651
40 5.764068
40 5.783065
40 5.716096
40 5.788477
40 5.800880
40 5.729105
40 5.757554
40 5.697483
40 5.774893
40 5.790959
40 5.721864
40 5.752270
40 5.693626
40 5.772078
40 5.667666
40 5.753125
40 5.775085
40 5.710275
40 5.784225
40 5.797777
40 5.726843
40 5.755900
40 5.696276
40 5.774005
40 5.790321
40 5.721398
40 5.751926
40 5.693376
40 5.771892
40 5.788779
40 5.720269
40 5.751105
40 5.692776
40 5.771454
40 5.788458
40 5.720038
40 5.750934
40 5.692651
40 5.771362
40 5.788391
40 5.719991
40 5.750899
40 5.692627
40 5.771342
40 5.788378
40 5.719980
40 5.750892
40 5.692621
40 5.771339
40 5.788375
40 5.719978
40 5.719978
40 5.670059
40 5.754872
40 5.776357
40 5.711206
40 5.784903
40 5.677029
40 5.759959
40 5.780070
40 5.713916
40 5.786881
40 5.678473
40 5.761014
40 5.780838
40 5.714477
40 5.787291
40 5.678770
40 5.761230
40 5.780998
40 5.714593
40 5.746964
40 5.689750
40 5.769246
40 5.786848
40 5.718863
40 5.750076
40 5.692025
40 5.770906
40 5.788060
40 5.719744
40 5.750720
40 5.692498
40 5.771248
40 5.788309
40 5.719926
40 5.750852
40 5.692592
40 5.771323
40 5.788361
40 5.719967
40 5.750885
40 5.692616
40 5.771334
40 5.788368
40 5.719973
40 5.750889
40 5.692619
40 5.771343
40 5.667129
40 5.752733
40 5.774793
40 5.710064
40 5.784069
40 5.676424
40 5.759517
40 5.779750
40 5.713683
40 5.746292
40 5.689263
40 5.768888
40 5.665344
40 5.751430
40 5.773848
40 5.709375
40 5.783566
40 5.676050
40 5.759243
40 5.779551
40 5.713544
40 5.786595
40 5.678261
40 5.760864
40 5.780727
40 5.714402
40 5.746817
40 5.689653
40 5.769165
40 5.665553
40 5.751576
40 5.773961
40 5.709451
40 5.743217
40 5.687012
40 5.767251
40 5.664130
40 5.750550
40 5.773200
40 5.708908
40 5.783218
40 5.675809
40 5.759062
40 5.779425
40 5.713439
40 5.746114
40 5.689140
40 5.768804
40 5.665276
40 5.751387
40 5.773810
40 5.709341
40 5.783535
40 5.676027
40 5.759233
40 5.779537
40 5.713534
40 5.746183
40 5.689190
40 5.768840
40 5.665303
40 5.751393
40 5.773828
40 5.709354
40 5.743146
40 5.686961
40 5.767213
40 5.664103
40 5.750530
40 5.773185
40 5.708898
40 5.742800
40 5.686721
40 5.767025
40 5.663991
40 5.750436
40 5.773129
40 5.708844
40 5.783185
40 5.675772
40 5.759047
40 5.779401
40 5.713421
40 5.746101
40 5.689131
40 5.768784
40 5.665262
40 5.751376
40 5.773816
40 5.709345
40 5.743114
40 5.686963
40 5.767215
40 5.664116
40 5.750540
40 5.773167
40 5.708910
40 5.742783
40 5.686735
40 5.767023
40 5.664002
40 5.750431
40 5.773113
40 5.708845
40 5.742761
40 5.686667
40 5.766999
40 5.663959
40 5.750425
40 5.773134
40 5.708835
40 5.742780
40 5.686681
40 5.767009
40 5.663966
40 5.750431
40 5.773112
40 5.708845
40 5.742761
40 5.686693
40 5.726568
40 5.674900
40 5.758411
40 5.657691
40 5.745825
40 5.648531
40 5.739140
40 5.764872
40 5.702830
40 5.738372
40 5.683489
40 5.724256
40 5.673187
40 5.757160
40 5.656778
40 5.745159
40 5.769290
40 5.706029
40 5.781130
40 5.674273
40 5.757953
40 5.657356
40 5.745606
40 5.769591
40 5.706275
40 5.740886
40 5.685324
40 5.766019
40 5.663244
40 5.749878
40 5.772735
40 5.708543
40 5.742541
40 5.686532
40 5.726477
40 5.674808
40 5.758344
40 5.657642
40 5.745815
40 5.769743
40 5.706386
40 5.740966
40 5.685383
40 5.766062
40 5.663275
40 5.749926
40 5.772718
40 5.708557
40 5.742551
40 5.686540
40 5.766906
40 5.663891
40 5.750376
40 5.773072
40 5.708789
40 5.742746
40 5.686656
40 5.766991
40 5.663953
40 5.750422
40 5.651860
40 5.741595
40 5.766664
40 5.704138
40 5.739326
40 5.684186
40 5.765188
40 5.662637
40 5.749461
40 5.772405
40 5.708328
40 5.742359
40 5.686425
40 5.766822
40 5.663830
40 5.750331
60 5.813412
60 5.859503
60 6.176058
60 6.326245
60 6.557105
60 6.725596
60 7.010238
60 7.217982
60 7.369603
60 7.480263
60 7.722671
60 7.737947
60 7.910766
60 8.036871
60 8.088510
60 8.166596
60 8.223613
60 8.305624
60 8.325082
60 8.339257
60 8.470875
60 8.486061
60 8.456773
60 8.556643
60 8.548684
60 8.502452
60 8.630379
60 8.562101
60 8.673914
60 8.715121
60 8.664349
60 8.708140
60 8.659254
60 8.744821
60 8.766872
60 8.702119
60 8.776105
60 8.789705
60 8.718783
60 8.788267
60 8.838980
60 8.835594
60 8.752275
60 8.812712
60 8.856820
60 8.848563
60 8.761792
60 8.819657
60 8.861890
60 8.852263
60 8.764493
60 8.821629
60 8.863328
60 8.893763
60 8.875577
60 8.781404
60 8.834023
60 8.872374
60 8.900364
60 8.880395
60 8.906219
60 8.803820
60 8.850330
60 8.884276
60 8.909051
60 8.927133
60 8.899932
60 8.920478
60 8.814227
60 8.857926
60 8.889820
60 8.913149
60 8.930124
60 8.902115
60 8.922071
60 8.936635
60 8.826019
60 8.866533
60 8.896102
60 8.917683
60 8.933433
60 8.944928
60 8.953369
60 8.959478
60 8.923488
60 8.937670
60 8.948020
60 8.834380
60 8.872635
60 8.900555
60 8.920932
60 8.935804
60 8.946608
60 8.954543
60 8.960386
60 8.964600
60 8.967675
60 8.969919
60 8.931159
60 8.943269
60 8.952106
60 8.958557
60 8.842019
60 8.878210
60 8.904624
60 8.923902
60 8.938024
60 8.948278
60 8.955763
60 8.961226
60 8.965212
60 8.968122
60 8.929847
60 8.942310
60 8.951407
60 8.958098
60 8.962930
60 8.845210
60 8.880539
60 8.906323
60 8.925142
60 8.938877
60 8.948901
60 8.956218
60 8.961557
60 8.965454
60 8.968350
60 8.970412
60 8.971917
60 8.973016
60 8.973817
60 8.974350
60 8.974792
60 8.975113
60 8.975348
60 8.975571
60 8.975682
60 8.975763
60 8.975822
60 8.975865
60 8.975897
60 8.975920
60 8.975937
60 8.976001
60 8.975996
60 8.975992
60 8.975989
60 8.975987
60 8.975986
60 8.975986
60 8.975985
60 8.975984
60 8.976035
60 8.976021
60 8.976010
60 8.976003
60 8.975997
60 8.975993
60 8.975990
60 8.975988
60 8.975986
60 8.976037
60 8.976023
60 8.976012
60 8.976005
60 8.975999
60 8.975994
60 8.975991
60 8.975989
60 8.975987
60 8.975986
60 8.975986
60 8.975985
60 8.975984
60 8.975984
60 8.975984
60 8.975984
60 8.975984
60 8.976035
60 8.976021
60 8.976010
60 8.976003
60 8.975997
60 8.975993
60 8.975990
60 8.935590
60 8.946502
60 8.994916
60 8.989801
60 8.986068
60 8.983343
60 8.981355
60 8.979903
60 8.978844
60 8.978071
60 8.977507
60 8.977146
60 8.976780
60 8.976616
60 8.976394
60 8.976335
60 8.976188
60 8.976184
60 8.976078
60 8.976155
60 8.976057
60 8.976037
60 8.976023
60 8.976012
60 8.976005
60 9.097296
60 9.064523
60 9.040603
60 9.023145
60 9.010404
60 9.001207
60 8.994289
60 9.029845
60 9.015191
60 9.004702
60 8.996840
60 8.991308
60 8.987065
60 8.984175
60 8.981961
60 8.980346
60 8.979167
60 8.978307
60 8.977679
60 8.977118
60 9.098108
60 9.065218
60 9.041007
60 9.023543
60 9.050989
60 9.030828
60 9.015908
60 9.005225
60 8.997325
60 8.991559
60 8.987351
60 8.984280
60 9.103335
60 9.068828
60 9.043848
60 9.065912
60 9.041617
60 9.023886
60 9.010944
60 9.001499
60 8.994606
60 8.989574
60 8.986006
60 8.983195
60 9.102544
60 9.068353
60 9.043398
60 9.065583
60 9.041377
60 9.023813
60 9.010789
60 9.001489
60 8.994495
60 8.989597
60 9.107114
60 9.071688
60 9.045833
60 9.067360
60 9.042674
60 9.024657
60 9.011507
60 9.001910
60 8.994905
60 8.989897
60 8.986034
60 8.983422
60 9.102607
60 9.068398
60 9.043432
60 9.065608
60 9.041498
60 9.023696
60 9.010909
60 9.001370
60 8.994615
60 8.989478
60 8.985935
60 8.983247
60 9.102479
60 9.068408
60 9.083734
60 9.054727
60 9.033453
60 9.017927
60 9.006596
60 8.998325
60 8.992290
60 8.987885
60 9.105864
60 9.070878
60 9.085640
60 9.056015
60 9.034393
60 9.018613
60 9.007096
60 8.998691
60 8.992556
60 8.988078
60 9.106108
60 9.070850
60 9.045324
60 9.066886
60 9.042431
60 9.024480
60 9.011378
60 9.001816
60 8.994837
60 8.989743
60 8.986026
60 8.983313
60 8.981333
60 9.101185
60 9.067361
60 9.042674
60 9.065055
60 9.040992
60 9.023429
60 9.010715
60 9.001228
60 8.994511
60 8.989402
60 8.985880
60 8.983103
60 8.981282
60 9.101148
60 9.067230
60 9.042579
60 9.024588
60 9.011456
60 9.042271
60 9.024466
60 9.011368
60 9.001808
60 8.994831
60 8.989739
60 8.986023
60 8.983208
60 8.981359
60 8.979803
60 8.978874
60 9.099390
60 9.065948
60 9.041746
60 9.023877
60 9.011042
60 9.041865
60 9.024170
60 9.011152
60 9.001651
60 8.994717
60 8.989655
60 8.985962
60 8.983266
60 8.981298
60 8.979862
60 9.100112
60 9.066578
60 9.042103
60 9.024240
60 9.051601
60 9.031173
60 9.016366
60 9.005353
60 8.997521
60 8.991599
60 8.987483
60 8.984273
60 8.982137
60 9.101668
60 9.067714
60 9.042932
60 9.065243
60 9.041232
60 9.023501
60 9.010664
60 9.001398
60 8.994429
60 8.989549
60 9.107079
60 9.071662
60 9.045814
60 9.067347
60 9.042768
60 9.042768
60 9.024725
60 9.011557
60 9.001946
60 8.994932
60 9.111111
60 9.074605
60 9.088360
60 9.058001
60 9.035843
60 9.019671
60 9.007869
60 8.999357
60 8.992939
60 8.988461
60 8.984987
60 9.103852
60 9.069410
60 9.044067
60 9.066175
60 9.041706
60 9.024054
60 9.010963
60 9.001616
60 8.994588
60 8.989665
60 9.107163
60 9.071724
60 9.045858
60 9.067379
60 9.042687
60 9.024770
60 9.011487
60 9.001998
60 8.994866
60 8.989868
60 8.986013
60 9.104601
60 9.069957
60 9.044466
60 9.066466
60 9.041919
60 9.024209
60 9.011077
60 9.001699
60 8.994752
60 8.989681
60 8.985980
60 8.983279
60 9.102606
60 9.068295
60 9.043459
60 9.025229
60 9.052323
60 9.031699
60 9.016647
60 9.005662
60 8.997643
60 8.991792
60 8.987521
60 8.984404
60 8.982232
60 8.980441
60 9.100534
60 9.066783
60 9.042356
60 9.024425
60 9.011337
60 9.042184
60 9.024300
60 9.011247
60 9.001719
60 8.994766
60 8.989692
60 8.985989
60 8.983389
60 9.102582
60 9.068380
60 9.043419
60 9.065598
60 9.041492
60 9.023691
60 9.010905
60 9.001368
60 8.994613
60 8.989476
60 9.107128
60 9.071801
60 9.045813
60 9.067449
60 9.042636
60 9.024733
60 9.011459
60 9.001978
60 8.994955
60 9.111024
60 9.074645
60 9.088285
60 9.058049
60 9.035775
60 9.019725
60 9.007908
60 8.999283
60 8.992989
60 9.109589
60 9.073494
60 9.047254
80 9.068295
80 9.326349
80 9.555086
80 9.883621
80 10.123401
80 10.419597
80 10.554977
80 10.896379
80 11.064649
80 11.308654
80 11.446445
80 11.627704
80 11.719596
80 11.907961
80 11.964539
80 12.127232
80 12.245869
80 12.332456
80 12.395651
80 12.441773
80 12.596733
80 12.628930
80 12.612031
80 12.720891
80 12.719649
80 12.799436
80 12.776975
80 12.841274
80 12.807406
80 12.903986
80 12.812778
80 12.907804
80 12.977261
80 12.866361
80 12.946910
80 13.005802
80 13.008386
80 12.929372
80 12.992899
80 13.039367
80 13.032883
80 12.947251
80 13.006051
80 13.048965
80 13.080286
80 13.062644
80 13.090269
80 12.989134
80 13.036515
80 13.071199
80 13.096514
80 13.114989
80 13.128370
80 13.138240
80 13.145443
80 13.110302
80 13.124949
80 13.135743
80 13.143620
80 13.149319
80 13.153528
80 13.156549
80 13.158806
80 13.160401
80 13.161617
80 13.162401
80 13.163076
80 13.163518
80 13.163892
80 13.164113
80 13.164326
80 13.164430
80 13.164557
80 13.164598
80 13.164680
80 13.164689
80 13.164746
80 13.164737
80 13.164782
80 13.164762
80 13.164800
80 13.164776
80 13.205208
80 13.194267
80 13.186334
80 13.180492
80 13.176280
80 13.173155
80 13.170925
80 13.169247
80 13.168073
80 13.167165
80 13.166553
80 13.166056
80 13.165744
80 13.165464
80 13.286507
80 13.253654
80 13.229626
80 13.252539
80 13.228811
80 13.211546
80 13.198894
80 13.189711
80 13.182957
80 13.178079
80 13.295765
80 13.260360
80 13.274969
80 13.245182
80 13.223494
80 13.207613
80 13.196074
80 13.308847
80 13.269959
80 13.241526
80 13.261224
80 13.235202
80 13.216158
80 13.202311
80 13.192153
80 13.184791
80 13.300560
80 13.263911
80 13.277510
80 13.247087
80 13.224833
80 13.208642
80 13.196774
80 13.188163
80 13.303124
80 13.306129
80 13.267976
80 13.240078
80 13.219769
80 13.204894
80 13.194090
80 13.307399
80 13.268903
80 13.281204
80 13.249733
80 13.226815
80 13.210037
80 13.197844
80 13.310087
80 13.270864
80 13.282636
80 13.250829
80 13.227564
80 13.210584
80 13.319489
80 13.277675
80 13.287606
80 13.254405
80 13.230226
80 13.212526
80 13.320906
80 13.319159
80 13.277433
80 13.247032
80 13.224792
80 13.329859
80 13.285243
80 13.293130
80 13.258437
80 13.233168
80 13.214674
80 13.322474
80 13.279853
80 13.289196
80 13.255617
80 13.231058
80 13.213185
80 13.321336
80 13.319472
80 13.277662
80 13.247148
80 13.224928
80 13.329906
80 13.285329
80 13.293167
80 13.258490
80 13.233180
80 13.335980
80 13.289737
80 13.296384
80 13.260838
80 13.234894
80 13.215960
80 13.323360
80 13.320950
80 13.278792
80 13.247998
80 13.225523
80 13.209120
80 13.318368
80 13.317281
80 13.276089
80 13.246025
80 13.224083
80 13.329341
80 13.284865
80 13.292854
80 13.258262
80 13.233014
80 13.214587
80 13.322359
80 13.279796
80 13.289154
80 13.255561
80 13.231043
80 13.213149
80 13.321335
80 13.319446
80 13.277669
80 13.247178
80 13.224925
80 13.329929
80 13.285320
80 13.293186
80 13.258504
80 13.233165
80 13.214697
80 13.322491
80 13.320290
80 13.278285
80 13.247628
80 13.346499
80 13.297388
80 13.301994
80 13.264932
80 13.237883
80 13.339387
80 13.332646
80 13.287277
80 13.254191
80 13.230043
80 13.333691
80 13.328464
80 13.284250
80 13.251982
80 13.349664
80 13.340147
80 13.292778
80 13.258193
80 13.354210
80 13.343452
80 13.295190
80 13.259966
80 13.355504
80 13.344410
80 13.295877
80 13.260468
80 13.355870
80 13.344665
80 13.296075
80 13.260612
80 13.234716
80 13.337075
80 13.330959
80 13.286072
80 13.253311
80 13.350647
80 13.340852
80 13.293279
80 13.258571
80 13.233240
80 13.335999
80 13.330161
80 13.285489
80 13.252892
80 13.229089
80 13.332962
80 13.327951
80 13.283876
80 13.251709
80 13.228226
80 13.332338
80 13.287079
80 13.294451
80 13.259426
80 13.233864
80 13.215207
80 13.322837
80 13.280144
80 13.289392
80 13.255734
80 13.231170
80 13.213238
80 13.200153
80 13.311847
80 13.312534
80 13.272625
80 13.243496
80 13.222236
80 13.206719
80 13.316641
80 13.316034
80 13.275178
80 13.245358
80 13.245358
80 13.344841
80 13.336617
80 13.290199
80 13.256322
80 13.231597
80 13.213550
80 13.321626
80 13.319674
80 13.277833
80 13.247298
80 13.225010
80 13.329991
80 13.325780
80 13.282289
80 13.250544
80 13.227381
80 13.331721
80 13.286622
80 13.294130
80 13.259192
80 13.233693
80 13.215076
80 13.201496
80 13.312830
80 13.313251
80 13.273149
80 13.243879
80 13.222511
80 13.206922
80 13.316790
80 13.275730
80 13.286175
80 13.253386
80 13.229456
80 13.211990
80 13.199244
80 13.311173
80 13.312042
80 13.272265
80 13.243235
80 13.222047
80 13.206583
80 13.316530
80 13.315965
80 13.275128
80 13.245324
80 13.223572
80 13.328941
80 13.284599
80 13.292635
80 13.258101
80 13.232897
80 13.335748
80 13.289567
80 13.296286
80 13.260753
80 13.234832
80 13.337160
80 13.290610
80 13.297022
80 13.261303
80 13.235234
80 13.337428
80 13.331243
80 13.286279
80 13.253436
80 13.350739
80 13.340906
80 13.293332
80 13.258610
80 13.233268
80 13.336044
80 13.330181
80 13.285504
80 13.252897
80 13.350345
80 13.300220
80 13.304061
80 13.266415
80 13.238964
80 13.218930
80 13.325554
80 13.322525
80 13.279917
80 13.248819
80 13.226123
80 13.330804
80 13.326383
80 13.282732
80 13.250874
80 13.227622
80 13.331898
80 13.327155
80 13.283296
80 13.251285
80 13.227922
80 13.332117
80 13.327341
80 13.283431
80 13.251384
80 13.349215
80 13.339819
80 13.292539
80 13.258031
80 13.232845
80 13.335710
80 13.329937
80 13.285326
80 13.252767
80 13.350249
80 13.340574
80 13.293090
80 13.258433
80 13.354360
80 13.343575
80 13.295280
80 13.381277
80 13.363194
80 13.309599
80 13.270482
80 13.363205
80 13.349978
80 13.299979
80 13.263435
80 13.358062
80 13.346276
80 13.297225
80 13.261477
80 13.356582
80 13.345197
80 13.296489
80 13.382083
80 13.363860
80 13.310059
80 13.270844
80 13.363417
80 13.350184
80 13.300129
80 13.263494
80 13.358104
80 13.346307
80 13.297248
80 13.261494
80 13.356593
80 13.345204
80 13.296443
80 13.260906
80 13.396614
80 13.333964
80 13.288291
80 13.376203
80 13.359465
80 13.306902
80 13.268488
80 13.361750
80 13.308518
80 13.310118
80 13.270886
80 13.242203
80 13.342514
80 13.334929
80 13.288996
80 13.255420
80 13.352160
80 13.341969
80 13.294082
80 13.259183
80 13.233661
80 13.336331
80 13.289967
80 13.296577
80 13.261004
80 13.234990
80 13.337301
80 13.290675
80 13.297094
80 13.261331
80 13.235280
80 13.337513
80 13.290830
80 13.297208
80 13.261413
80 13.235339
80 13.337556
80 13.331259
80 13.286316
80 13.253464
80 13.350733
80 13.340927
80 13.293373
80 13.258563
80 13.354506
80 13.343681
80 13.295331
80 13.260095
80 13.355623
80 13.344445
80 13.295940
80 13.260488
60 13.234665
60 13.175368
60 12.889599
60 12.761880
60 12.426173
60 12.302354
60 12.050393
60 11.704805
60 11.573827
60 11.357038
60 11.077468
60 10.994774
60 10.772673
60 10.610625
60 10.492356
60 10.244343
60 10.225027
60 10.049286
60 10.042165
60 9.915825
60 9.823565
60 9.756281
60 9.585876
60 9.582754
60 9.580526
60 9.417205
60 9.459650
60 9.329036
60 9.395300
60 9.282019
60 9.320639
60 9.267926
60 9.189055
60 9.252738
60 9.218369
60 9.152938
60 9.105132
60 9.070242
60 9.166023
60 9.114682
60 9.117610
60 9.079400
60 9.051461
60 9.031070
60 9.016188
60 9.005326
60 8.997399
60 8.991613
60 8.987339
60 8.984323
60 9.103367
60 9.068902
60 9.043851
60 9.025464
60 9.052546
60 9.031861
60 9.016766
60 9.005748
60 8.997706
60 8.991838
60 8.987658
60 8.984401
60 8.982229
60 8.980438
60 8.979338
60 8.978329
60 8.977798
60 8.977204
60 8.976977
60 8.976708
60 8.976512
60 8.976369
60 8.976265
60 8.976189
60 8.976133
60 8.976092
60 8.976063
60 8.976041
60 9.097322
60 9.185633
60 9.129098
60 9.087630
60 9.057571
60 9.035427
60 9.019471
60 9.048120
60 9.028632
60 9.014408
60 9.004027
60 8.996451
60 8.990922
60 8.986886
60 8.984043
60 8.981763
60 8.980305
60 8.979034
60 8.978313
60 8.977581
60 8.977252
60 8.976806
60 8.976686
60 8.976497
60 8.976357
60 8.976256
60 8.976182
60 8.976129
60 9.097283
60 9.064616
60 9.040671
60 9.023092
60 9.010468
60 9.001049
60 8.994380
60 9.029808
60 9.015266
60 9.004757
60 8.996881
60 8.991338
60 8.987086
60 8.984087
60 8.981897
60 8.980299
60 8.979133
60 8.978282
60 8.977764
60 8.977180
60 8.976959
60 8.976592
60 8.976530
60 8.976279
60 8.976302
60 9.097513
60 9.064578
60 9.040747
60 9.023148
60 9.010509
60 9.001078
60 8.994401
60 8.989322
60 9.026219
60 9.012648
60 9.002743
60 8.995513
60 8.990236
60 8.986385
60 8.983575
60 8.981524
60 8.980129
60 8.978906
60 8.978219
60 8.977511
60 8.977201
60 8.976769
60 8.976660
60 8.976374
60 8.976371
60 8.976266
60 8.976190
60 9.097328
60 9.064546
60 9.040620
60 9.023158
60 9.010413
60 9.001215
60 9.034694
60 9.018935
60 9.007228
60 8.998890
60 8.992599
60 8.988213
60 8.984909
60 8.982497
60 8.980738
60 8.979453
60 8.978516
60 8.977831
60 8.977331
60 8.976967
60 8.976701
60 8.976610
60 8.976337
60 8.976345
60 8.976144
60 9.097398
60 9.064597
60 9.040657
60 9.023288
60 9.010405
60 9.041607
60 9.023775
60 9.010966
60 9.001412
60 8.994645
60 8.989603
60 8.985924
60 8.983238
60 8.981175
60 8.979876
60 8.978721
60 8.978084
60 8.977413
60 8.977130
60 8.976820
60 8.976594
60 8.976429
60 8.976309
60 8.976221
60 8.976156
60 8.976110
60 9.097373
60 9.064579
60 9.040644
60 9.023175
60 9.010426
60 9.001121
60 8.994329
60 8.989373
60 9.026154
60 9.012703
60 9.002680
60 8.995570
60 8.990175
60 8.986444
60 8.983515
60 8.981583
60 8.980070
60 8.978966
60 8.978160
60 8.977571
60 8.977142
60 8.976829
60 8.976600
60 8.976433
60 9.097506
60 9.064778
60 9.040687
60 9.023310
60 9.010421
60 9.041618
60 9.023887
60 9.010945
60 9.001500
60 8.994606
60 8.989574
60 8.985903
60 8.985903
60 8.983326
60 8.981342
60 8.979895
60 8.978838
60 8.978066
60 9.098801
60 9.065517
60 9.041432
60 9.023750
60 9.051244
60 9.030911
60 9.016072
60 9.005241
60 8.997337
60 8.991569
60 8.987461
60 8.984257
60 8.982124
60 8.980362
60 8.979282
60 8.978288
60 9.098963
60 9.065739
60 9.081888
60 9.093779
60 9.061852
60 9.038757
60 9.021695
60 9.009346
60 9.000436
60 8.993727
60 8.989037
60 8.985407
60 8.982964
60 8.980974
60 8.979729
60 8.978614
60 9.099200
60 9.066015
60 9.041590
60 9.023969
60 9.051300
60 9.031055
60 9.016074
60 9.005346
60 8.997414
60 8.991624
60 8.987398
60 8.984314
60 8.982063
60 8.980420
60 8.979221
60 8.978347
60 9.099006
60 9.065770
60 9.041513
60 9.064208
60 9.080771
60 9.052463
60 9.031904
60 9.016694
60 9.005798
60 8.997641
60 8.991893
60 8.987492
60 8.984486
60 8.982085
60 9.101734
60 9.067761
60 9.042967
60 9.065269
60 9.041147
60 9.023542
60 9.010797
60 9.001288
60 8.994555
60 8.989434
60 8.985904
60 8.983121
60 9.102489
60 9.068416
60 9.043342
60 9.065645
60 9.041319
60 9.023771
60 9.010757
60 9.001466
60 8.994581
60 8.989556
60 8.985889
60 8.983213
60 9.102557
60 9.068259
60 9.043433
60 9.065609
60 9.041396
60 9.023725
60 9.010827
60 9.001413
60 8.994543
60 8.989529
60 8.985869
60 9.104393
60 9.069805
60 9.084857
60 9.055444
60 9.033874
60 9.018337
60 9.006895
60 8.998544
60 8.992449
60 9.109195
60 9.073310
60 9.087415
60 9.057311
60 9.035339
60 9.019303
60 9.007600
60 8.999059
60 8.992825
60 9.109572
60 9.073483
60 9.087541
60 9.057403
60 9.035406
60 9.019353
60 9.007636
60 8.999084
60 8.992844
60 9.109586
60 9.073492
60 9.087547
60 9.057407
60 9.035410
60 9.019459
60 9.007610
60 8.999169
60 8.992803
60 9.109556
60 9.073367
60 9.047161
60 9.068433
60 9.043354
60 9.025256
60 9.011842
60 9.002154
60 8.995084
60 8.989923
60 9.107454
60 9.071937
60 9.046014
60 9.067492
60 9.042770
60 9.024727
60 9.011559
60 9.002050
60 8.994905
60 8.989896
60 8.986034
60 8.983422
60 8.981309
60 9.101168
60 9.067451
60 9.042638
60 9.065132
60 9.040945
60 9.023499
60 9.010559
60 9.001321
60 8.994475
60 8.989479
60 8.985833
60 8.983172
60 9.102528
60 9.068340
60 9.043286
60 9.065605
60 9.041393
60 9.023723
60 9.010825
60 9.001412
60 8.994542
60 8.989528
60 8.985868
60 9.104392
60 9.069804
60 9.084753
60 9.055471
60 9.033945
60 9.018337
60 9.006844
60 8.998558
60 8.992459
60 8.988060
60 8.984746
60 9.103624
60 9.069141
60 9.084424
60 9.055180
60 9.033784
60 9.018168
60 9.006772
60 8.998454
60 8.992332
60 9.109160
60 9.073234
60 9.046961
60 9.068184
60 9.043275
60 9.025096
60 9.011827
60 9.002144
60 8.995076
60 9.111216
60 9.074681
60 9.088415
60 9.058041
60 9.035872
60 9.019744
60 9.007921
60 9.120539
60 9.081486
60 9.093382
60 9.061666
60 9.038569
60 9.021661
60 9.009320
60 9.000314
60 9.114986
60 9.077434
60 9.090476
60 9.059545
60 9.036970
60 9.020494
60 9.008470
60 9.120888
60 9.081792
60 9.093657
60 9.061866
60 9.038664
60 9.021730
60 9.009320
60 9.000314
60 9.115038
60 9.077472
60 9.090452
60 9.059527
60 9.036958
60 9.020485
60 9.008462
60 8.999739
60 8.993320
60 9.109882
60 9.073709
40 9.047307
40 8.906793
40 8.763841
40 8.497812
40 8.303705
40 8.161985
40 8.058604
40 7.821456
40 7.648376
40 7.522053
40 7.268214
40 7.204196
40 7.076626
40 6.943070
40 6.845647
40 6.734145
40 6.571866
40 6.574726
40 6.415117
40 6.460323
40 6.331621
40 6.237741
40 6.290417
40 6.248065
40 6.176706
40 6.124677
40 6.086652
40 6.058951
40 6.038682
40 6.023941
40 6.013130
40 6.005240
40 5.959084
40 5.965795
40 5.849498
40 5.885866
40 5.912306
40 5.931654
40 5.905429
40 5.926635
40 5.820867
40 5.864969
40 5.897106
40 5.880214
40 5.908232
40 5.807435
40 5.855115
40 5.889965
40 5.874951
40 5.783145
40 5.837439
40 5.877013
40 5.865549
40 5.776283
40 5.832379
40 5.873320
40 5.862854
40 5.774316
40 5.830944
40 5.872324
40 5.740829
40 5.806503
40 5.854486
40 5.849057
40 5.764246
40 5.823646
40 5.866946
40 5.858150
40 5.770884
40 5.828489
40 5.830083
40 5.750398
40 5.813539
40 5.819171
40 5.742435
40 5.807726
40 5.855328
40 5.849671
40 5.764746
40 5.823959
40 5.826777
40 5.747985
40 5.811778
40 5.817834
40 5.741510
40 5.807052
40 5.814385
40 5.738993
40 5.805214
40 5.853494
40 5.727087
40 5.796474
40 5.847166
40 5.722468
40 5.793102
40 5.844706
40 5.841867
40 5.758999
40 5.819816
40 5.823753
40 5.745779
40 5.810167
40 5.816710
40 5.740639
40 5.806364
40 5.813987
40 5.738651
40 5.804913
40 5.812928
40 5.737878
40 5.804349
40 5.812516
40 5.737577
40 5.804130
40 5.852754
40 5.726547
40 5.796079
40 5.846827
40 5.843518
40 5.760204
40 5.820644
40 5.703111
40 5.779026
40 5.834381
40 5.834435
40 5.753574
40 5.815805
40 5.820826
40 5.743693
40 5.808593
40 5.815562
40 5.739800
40 5.805804
40 5.813526
40 5.738315
40 5.804719
40 5.691489
40 5.770492
40 5.828204
40 5.829875
40 5.750247
40 5.813428
40 5.819039
40 5.742390
40 5.807642
40 5.814868
40 5.739346
40 5.805420
40 5.813246
40 5.738162
40 5.804556
40 5.812615
40 5.737701
40 5.804220
40 5.812319
40 5.737536
40 5.804048
40 5.812245
40 5.737380
40 5.804037
40 5.812236
40 5.737373
40 5.804032
40 5.852632
40 5.726457
40 5.796065
40 5.846817
40 5.843485
40 5.760180
40 5.820652
40 5.824389
40 5.746243
40 5.810480
40 5.816939
40 5.740831
40 5.806504
40 5.814063
40 5.738707
40 5.804980
40 5.812951
40 5.737895
40 5.804387
40 5.852916
40 5.847911
40 5.763436
40 5.823028
40 5.826071
40 5.747522
40 5.811388
40 5.817602
40 5.741315
40 5.806883
40 5.814314
40 5.738915
40 5.805132
40 5.853460
40 5.848282
40 5.763732
40 5.823245
40 5.826230
40 5.747612
40 5.811479
40 5.817668
40 5.741338
40 5.806900
40 5.814352
40 5.738917
40 5.805133
40 5.813037
40 5.737983
40 5.804451
40 5.852937
40 5.726706
40 5.796196
40 5.846938
40 5.843573
40 5.760244
40 5.820698
40 5.824397
40 5.746274
40 5.810503
40 5.816930
40 5.740850
40 5.806544
40 5.854465
40 5.727821
40 5.797009
40 5.847531
40 5.722735
40 5.793323
40 5.844841
40 5.720771
40 5.791863
40 5.843776
40 5.719994
40 5.791322
40 5.843355
40 5.719713
40 5.791091
40 5.802814
40 5.730496
40 5.798987
40 5.808577
40 5.734703
40 5.802057
40 5.810818
40 5.736338
40 5.803251
40 5.811637
40 5.736987
40 5.803725
40 5.811983
40 5.737240
40 5.803884
40 5.812125
40 5.737318
40 5.803966
40 5.812185
40 5.737361
40 5.803998
40 5.812208
40 5.737379
40 5.803985
40 5.812199
40 5.737371
40 5.803979
40 5.812221
40 5.737362
40 5.803998
40 5.812234
40 5.737371
40 5.804005
40 5.812239
40 5.737375
40 5.804008
40 5.690969
40 5.770139
40 5.827920
40 5.708422
40 5.782876
40 5.837191
40 5.836434
40 5.755059
40 5.816915
40 5.821635
40 5.744259
40 5.809032
40 5.815882
40 5.740060
40 5.805967
40 5.692400
40 5.771183
40 5.828630
40 5.708966
40 5.783247
40 5.837488
40 5.715405
40 5.787973
40 5.840936
40 5.717921
40 5.789810
40 5.842277
40 5.718900
40 5.790524
40 5.842798
40 5.719267
40 5.790792
40 5.842994
40 5.719423
40 5.790906
40 5.802653
40 5.730392
40 5.798911
40 5.808496
40 5.734669
40 5.802020
40 5.810764
40 5.736325
40 5.803228
40 5.811659
40 5.736965
40 5.803709
40 5.811997
40 5.737224
40 5.803885
40 5.812138
40 5.737314
40 5.803963
40 5.812183
40 5.737360
40 5.803971
40 5.812201
40 5.737360
40 5.803997
40 5.812208
40 5.737378
40 5.804010
40 5.812217
40 5.737372
40 5.804006
40 5.690968
40 5.770138
40 5.827919
40 5.708421
40 5.782876
40 5.796780
40 5.726118
40 5.795779
40 5.806210
40 5.733001
40 5.800815
40 5.809885
40 5.735683
40 5.802760
40 5.811317
40 5.736715
40 5.803526
40 5.690618
40 5.769883
40 5.827720
40 5.708289
40 5.782753
40 5.796716
40 5.726058
40 5.795748
40 5.846598
40 5.722067
40 5.792822
40 5.804065
40 5.731422
40 5.799663
40 5.809044
40 5.735069
40 5.802325
40 5.810987
40 5.736481
40 5.803342
40 5.811736
40 5.737028
40 5.803741
40 5.812027
40 5.737240
40 5.803903
40 5.812145
40 5.737326
40 5.803966
40 5.812191
40 5.737353
40 5.803992
40 5.812204
40 5.737369
40 5.804003
40 5.812212
40 5.737381
40 5.804006
40 5.852625
40 5.726459
40 5.796034
40 5.846814
40 5.722218
40 5.792939
40 5.844554
40 5.841808
40 5.758975
40 5.819766
40 5.823723
40 5.745776
40 5.810139
40 5.816690
40 5.740646
40 5.806386
40 5.813954
40 5.738646
40 5.804932
40 5.812893
40 5.737869
40 5.804365
40 5.812479
40 5.737570
40 5.804143
40 5.812317
40 5.737455
40 5.804060
40 5.812253
40 5.737408
40 5.804025
40 5.812233
40 5.737390
40 5.804012
40 5.812223
40 5.737383
40 5.804007
40 5.812218
40 5.737379
40 5.804006
40 5.812217
40 5.737380
40 5.804006
40 5.812217
40 5.737380
40 5.804005
40 5.812217
40 5.737379
40 5.804005
40 5.804005
40 5.731386
40 5.799631
40 5.809024
40 5.735048
40 5.802305
40 5.810975
40 5.736473
40 5.803344
40 5.811734
40 5.737026
40 5.803749
40 5.812029
40 5.737243
40 5.803905
40 5.812144
40 5.737325
40 5.803965
40 5.812188
40 5.737360
40 5.803990
40 5.812202
40 5.737371
40 5.803998
40 5.812212
40 5.737375
40 5.804004
40 5.812216
40 5.737374
40 5.804004
40 5.812216
40 5.737381
40 5.804002
40 5.812218
40 5.737376
40 5.804002
40 5.812217
40 5.737379
40 5.804004
40 5.812219
40 5.737380
40 5.803998
40 5.690969
40 5.770132
40 5.827915
40 5.708418
40 5.782867
40 5.796793
40 5.726121
40 5.795781
40 5.806218
40 5.733000
40 5.800815
40 5.688639
40 5.768432
40 5.665011
