0 0.000000
0 0.000000
0 0.000000
0 0.000000
0 0.000000
0 0.000000
0 0.000000
0 0.000000
0 0.000000
0 0.000000
0 0.000000
0 0.000000
0 0.000000
0 0.000000
0 0.000000
0 0.000000
0 0.000000
0 0.000000
0 0.000000
0 0.000000
0 0.000000
0 0.000000
0 0.000000
0 0.000000
0 0.000000
0 0.000000
0 0.000000
0 0.000000
0 0.000000
0 0.000000
0 0.000000
0 0.000000
0 0.000000
0 0.000000
0 0.000000
0 0.000000
0 0.000000
0 0.000000
0 0.000000
0 0.000000
0 0.000000
0 0.000000
0 0.000000
0 0.000000
0 0.000000
0 0.000000
0 0.000000
0 0.000000
0 0.000000
0 0.000000
0 0.000000
0 0.000000
0 0.000000
0 0.000000
0 0.000000
0 0.000000
0 0.000000
0 0.000000
0 0.000000
0 0.000000
0 0.000000
0 0.000000
0 0.000000
0 0.000000
0 0.000000
0 0.000000
0 0.000000
0 0.000000
0 0.000000
0 0.000000
0 0.000000
0 0.000000
0 0.000000
0 0.000000
0 0.000000
0 0.000000
0 0.000000
0 0.000000
0 0.000000
0 0.000000
0 0.000000
0 0.000000
0 0.000000
0 0.000000
0 0.000000
0 0.000000
0 0.000000
0 0.000000
0 0.000000
0 0.000000
0 0.000000
0 0.000000
0 0.000000
0 0.000000
0 0.000000
0 0.000000
0 0.000000
0 0.000000
0 0.000000
0 0.000000
0 0.000000
0 0.000000
0 0.000000
0 0.000000
0 0.000000
0 0.000000
0 0.000000
0 0.000000
0 0.000000
0 0.000000
0 0.000000
0 0.000000
0 0.000000
0 0.000000
0 0.000000
0 0.000000
0 0.000000
0 0.000000
0 0.000000
0 0.000000
0 0.000000
0 0.000000
0 0.000000
0 0.000000
0 0.000000
0 0.000000
0 0.000000
0 0.000000
0 0.000000
0 0.000000
0 0.000000
0 0.000000
0 0.000000
0 0.000000
0 0.000000
0 0.000000
0 0.000000
0 0.000000
0 0.000000
0 0.000000
0 0.000000
0 0.000000
0 0.000000
0 0.000000
0 0.000000
0 0.000000
0 0.000000
0 0.000000
0 0.000000
0 0.000000
0 0.000000
0 0.000000
0 0.000000
0 0.000000
0 0.000000
0 0.000000
0 0.000000
0 0.000000
0 0.000000
0 0.000000
0 0.000000
0 0.000000
0 0.000000
0 0.000000
0 0.000000
0 0.000000
0 0.000000
0 0.000000
0 0.000000
0 0.000000
0 0.000000
0 0.000000
0 0.000000
0 0.000000
0 0.000000
0 0.000000
0 0.000000
0 0.000000
0 0.000000
0 0.000000
0 0.000000
0 0.000000
0 0.000000
0 0.000000
0 0.000000
0 0.000000
0 0.000000
0 0.000000
0 0.000000
0 0.000000
0 0.000000
0 0.000000
0 0.000000
0 0.000000
0 0.000000
0 0.000000
0 0.000000
0 0.000000
0 0.000000
0 0.000000
0 0.000000
0 0.000000
0 0.000000
0 0.000000
0 0.000000
0 0.000000
0 0.000000
0 0.000000
0 0.000000
0 0.000000
0 0.000000
0 0.000000
0 0.000000
0 0.000000
0 0.000000
0 0.000000
0 0.000000
0 0.000000
0 0.000000
0 0.000000
0 0.000000
0 0.000000
0 0.000000
0 0.000000
0 0.000000
0 0.000000
0 0.000000
0 0.000000
0 0.000000
0 0.000000
0 0.000000
0 0.000000
0 0.000000
0 0.000000
0 0.000000
0 0.000000
0 0.000000
0 0.000000
0 0.000000
0 0.000000
0 0.000000
0 0.000000
0 0.000000
0 0.000000
0 0.000000
0 0.000000
0 0.000000
0 0.000000
0 0.000000
0 0.000000
0 0.000000
0 0.000000
0 0.000000
0 0.000000
0 0.000000
0 0.000000
0 0.000000
0 0.000000
0 0.000000
0 0.000000
0 0.000000
0 0.000000
0 0.000000
0 0.000000
0 0.000000
0 0.000000
0 0.000000
0 0.000000
0 0.000000
0 0.000000
0 0.000000
0 0.000000
0 0.000000
0 0.000000
0 0.000000
0 0.000000
0 0.000000
0 0.000000
0 0.000000
0 0.000000
0 0.000000
0 0.000000
0 0.000000
0 0.000000
0 0.000000
0 0.000000
0 0.000000
0 0.000000
0 0.000000
0 0.000000
0 0.000000
0 0.000000
0 0.000000
0 0.000000
0 0.000000
0 0.000000
0 0.000000
0 0.000000
0 0.000000
0 0.000000
0 0.000000
0 0.000000
0 0.000000
0 0.000000
0 0.000000
0 0.000000
0 0.000000
0 0.000000
0 0.000000
0 0.000000
0 0.000000
0 0.000000
0 0.000000
0 0.000000
0 0.000000
0 0.000000
0 0.000000
0 0.000000
0 0.000000
0 0.000000
0 0.000000
0 0.000000
0 0.000000
0 0.000000
0 0.000000
0 0.000000
0 0.000000
0 0.000000
0 0.000000
0 0.000000
0 0.000000
0 0.000000
0 0.000000
0 0.000000
0 0.000000
0 0.000000
0 0.000000
0 0.000000
0 0.000000
0 0.000000
0 0.000000
0 0.000000
0 0.000000
0 0.000000
0 0.000000
0 0.000000
0 0.000000
0 0.000000
0 0.000000
0 0.000000
0 0.000000
0 0.000000
0 0.000000
0 0.000000
0 0.000000
0 0.000000
0 0.000000
0 0.000000
0 0.000000
0 0.000000
0 0.000000
0 0.000000
0 0.000000
0 0.000000
0 0.000000
0 0.000000
0 0.000000
0 0.000000
0 0.000000
0 0.000000
0 0.000000
0 0.000000
0 0.000000
0 0.000000
0 0.000000
0 0.000000
0 0.000000
0 0.000000
0 0.000000
0 0.000000
0 0.000000
0 0.000000
0 0.000000
0 0.000000
0 0.000000
0 0.000000
0 0.000000
0 0.000000
0 0.000000
0 0.000000
0 0.000000
0 0.000000
0 0.000000
0 0.000000
0 0.000000
0 0.000000
0 0.000000
0 0.000000
0 0.000000
0 0.000000
0 0.000000
0 0.000000
0 0.000000
0 0.000000
0 0.000000
0 0.000000
0 0.000000
0 0.000000
0 0.000000
0 0.000000
0 0.000000
0 0.000000
0 0.000000
0 0.000000
0 0.000000
0 0.000000
0 0.000000
0 0.000000
0 0.000000
0 0.000000
0 0.000000
0 0.000000
0 0.000000
0 0.000000
0 0.000000
0 0.000000
0 0.000000
0 0.000000
0 0.000000
0 0.000000
0 0.000000
0 0.000000
0 0.000000
0 0.000000
0 0.000000
0 0.000000
0 0.000000
0 0.000000
0 0.000000
0 0.000000
0 0.000000
0 0.000000
0 0.000000
0 0.000000
0 0.000000
0 0.000000
0 0.000000
0 0.000000
0 0.000000
0 0.000000
0 0.000000
0 0.000000
0 0.000000
0 0.000000
0 0.000000
0 0.000000
0 0.000000
0 0.000000
0 0.000000
0 0.000000
0 0.000000
0 0.000000
0 0.000000
0 0.000000
0 0.000000
0 0.000000
0 0.000000
0 0.000000
0 0.000000
0 0.000000
0 0.000000
0 0.000000
0 0.000000
0 0.000000
0 0.000000
0 0.000000
0 0.000000
0 0.000000
0 0.000000
0 0.000000
0 0.000000
0 0.000000
0 0.000000
0 0.000000
0 0.000000
0 0.000000
0 0.000000
0 0.000000
0 0.000000
0 0.000000
0 0.000000
0 0.000000
0 0.000000
0 0.000000
0 0.000000
0 0.000000
0 0.000000
0 0.000000
0 0.000000
0 0.000000
40 0.000000
40 0.498662
40 0.864568
40 1.145541
40 1.422588
40 1.593566
40 1.821687
40 1.980707
40 2.176061
40 2.343973
40 2.492746
40 2.573924
40 2.740963
40 2.862750
40 2.951586
40 3.016404
40 3.144541
40 3.184164
40 3.293915
40 3.347070
40 3.412807
40 3.379953
40 3.436808
40 3.559132
40 3.567579
40 3.600688
40 3.597908
40 3.595880
40 3.702174
40 3.671977
40 3.730770
40 3.719792
40 3.765666
40 3.745261
40 3.784254
40 3.758827
40 3.821098
40 3.839607
40 3.799226
40 3.850583
40 3.780294
40 3.836766
40 3.877984
40 3.881121
40 3.829525
40 3.872697
40 3.904208
40 3.900261
40 3.843494
40 3.882892
40 3.911649
40 3.932637
40 3.921010
40 3.858638
40 3.893944
40 3.919716
40 3.938522
40 3.925304
40 3.861772
40 3.896235
40 3.921387
40 3.939739
40 3.926196
40 3.943254
40 3.874869
40 3.905794
40 3.928364
40 3.944837
40 3.956853
40 3.965629
40 3.945092
40 3.957039
40 3.884937
40 3.913141
40 3.933720
40 3.948746
40 3.959713
40 3.967716
40 3.973551
40 3.977816
40 3.953986
40 3.963537
40 3.970501
40 3.894762
40 3.920312
40 3.938954
40 3.952566
40 3.962500
40 3.969751
40 3.975036
40 3.978900
40 3.981720
40 3.983778
40 3.985274
40 3.986372
40 3.987174
40 3.987759
40 3.961236
40 3.968828
40 3.974370
40 3.978414
40 3.981359
40 3.983515
40 3.985088
40 3.986237
40 3.906240
40 3.928689
40 3.945074
40 3.957026
40 3.965756
40 3.972120
40 3.976779
40 3.980165
40 3.982650
40 3.984451
40 3.985765
40 3.986737
40 3.987433
40 3.987942
40 3.988325
40 3.988593
40 3.988801
40 3.988940
40 3.989041
40 3.989128
40 3.989178
40 3.989228
40 3.989252
40 3.989269
40 3.989294
40 3.989300
40 3.989304
40 3.989320
40 3.989319
40 3.989331
40 3.989326
40 3.989323
40 3.989334
40 3.989329
40 3.989325
40 3.989335
40 3.989330
40 3.989339
40 3.989332
40 3.989328
40 3.989337
40 3.989331
40 3.989340
40 3.989333
40 3.989328
40 3.989337
40 3.989331
40 3.962391
40 3.969664
40 3.974986
40 3.978857
40 3.981682
40 3.983757
40 3.985259
40 3.986367
40 3.987164
40 3.987745
40 3.988182
40 3.988488
40 3.988712
40 3.988888
40 3.989003
40 3.989100
40 3.989158
40 3.989201
40 3.989244
40 3.989264
40 3.989277
40 3.989300
40 3.989304
40 3.989320
40 3.908484
40 3.930334
40 4.027102
40 4.016894
40 4.009456
40 4.004015
40 4.000044
40 3.997158
40 3.995039
40 3.993493
40 3.992377
40 3.991550
40 3.990959
40 3.990515
40 3.990191
40 3.989967
40 3.989791
40 3.989662
40 3.989581
40 4.016459
40 4.009126
40 4.003787
40 3.999877
40 3.997024
40 3.994954
40 3.993431
40 3.992319
40 3.991520
40 3.990924
40 3.990502
40 3.990182
40 3.989948
40 3.989789
40 3.989661
40 3.989581
40 3.989509
40 3.989456
40 3.989418
40 3.989416
40 4.070211
40 4.048357
40 4.032406
40 4.020791
40 4.012287
40 4.006081
40 4.028501
40 4.017915
40 4.010189
40 4.004575
40 4.000453
40 3.997444
40 3.995248
40 3.993645
40 3.992501
40 3.991640
40 3.991012
40 3.990554
40 3.990219
40 3.989975
40 3.989822
40 3.989685
40 3.989585
40 3.989512
40 4.070307
40 4.048426
40 4.032457
40 4.020802
40 4.012321
40 4.006106
40 4.001570
40 4.025208
40 4.015512
40 4.008434
40 4.003269
40 3.999525
40 3.996767
40 3.994754
40 3.993284
40 3.992212
40 3.991455
40 3.990877
40 3.990455
40 3.990147
40 3.989922
40 3.989784
40 3.989657
40 3.989565
40 3.989497
40 3.989448
40 3.989412
40 4.070234
40 4.048373
40 4.032418
40 4.020800
40 4.039243
40 4.025755
40 4.015911
40 4.008726
40 4.003482
40 3.999655
40 3.996887
40 3.994841
40 3.993348
40 3.992259
40 3.991463
40 3.990909
40 3.990478
40 3.990164
40 4.070783
40 4.048774
40 4.032711
40 4.020987
40 4.012431
40 4.006212
40 4.028571
40 4.017991
40 4.010244
40 4.004590
40 4.000463
40 3.997452
40 3.995279
40 3.993668
40 3.992492
40 3.991634
40 3.991007
40 3.990576
40 4.071057
40 4.048974
40 4.032857
40 4.048043
40 4.032203
40 4.020617
40 4.012160
40 4.005989
40 4.001484
40 3.998222
40 3.995816
40 3.994060
40 3.992778
40 4.072690
40 4.050166
40 4.060676
40 4.041397
40 4.027327
40 4.017057
40 4.009588
40 4.004111
40 4.000114
40 3.997197
40 3.995067
40 4.074361
40 4.051385
40 4.061566
40 4.042047
40 4.027801
40 4.017429
40 4.009834
40 4.004291
40 4.000245
40 4.078140
40 4.054143
40 4.036630
40 4.050797
40 4.034187
40 4.022064
40 4.013243
40 4.006779
40 4.002061
40 3.998617
40 3.996104
40 4.075118
40 4.051938
40 4.061969
40 4.042341
40 4.028016
40 4.017587
40 4.009949
40 4.004375
40 4.000306
40 4.078185
40 4.054176
40 4.036654
40 4.050814
40 4.034200
40 4.022099
40 4.013243
40 4.006779
40 4.002061
40 3.998617
40 4.076952
40 4.053277
40 4.062946
40 4.043055
40 4.028536
40 4.017966
40 4.010226
40 4.004577
40 4.000453
40 3.997444
40 4.076096
40 4.052651
40 4.035541
40 4.050002
40 4.033607
40 4.021667
40 4.012927
40 4.006548
40 4.001893
40 3.998495
40 3.996041
40 4.075046
40 4.051885
40 4.034981
40 4.049593
40 4.033335
40 4.021442
40 4.012763
40 4.006428
40 4.001805
40 3.998456
40 3.995987
40 4.075006
40 4.051857
40 4.034986
40 4.049597
40 4.033312
40 4.021426
40 4.012751
40 4.006419
40 4.001824
40 3.998445
40 3.995978
40 4.075000
40 4.051877
40 4.061899
40 4.042316
40 4.028023
40 4.017540
40 4.009941
40 4.004343
40 4.000309
40 3.997313
40 4.076025
40 4.052574
40 4.062459
40 4.042673
40 4.028284
40 4.017782
40 4.010066
40 4.004486
40 4.000361
40 4.078251
40 4.054199
40 4.063645
40 4.043539
40 4.028915
40 4.018243
40 4.010402
40 4.004731
40 4.000541
40 4.078382
40 4.054294
40 4.063715
40 4.043589
40 4.028953
40 4.018219
40 4.010436
40 4.004756
40 4.000559
40 4.078395
40 4.054304
40 4.036772
40 4.050875
40 4.034270
40 4.022099
40 4.013268
40 4.006823
40 4.002067
40 3.998648
40 4.076948
40 4.080197
40 4.055670
40 4.037770
40 4.024654
40 4.015132
40 4.008132
40 4.083922
40 4.058338
40 4.039717
40 4.053024
40 4.035838
40 4.023295
40 4.014090
40 4.007422
40 4.002505
40 4.079815
40 4.055340
40 4.037529
40 4.051427
40 4.034673
40 4.022445
40 4.013469
40 4.006969
40 4.002174
40 3.998726
40 4.077006
40 4.053341
40 4.036018
40 4.050376
40 4.033854
40 4.021848
40 4.013084
40 4.006637
40 4.001983
40 3.998535
40 4.076918
40 4.053226
40 4.035985
40 4.050301
40 4.033851
40 4.021845
40 4.013031
40 4.006650
40 4.001941
60 4.079404
60 4.189786
60 4.243399
60 4.471121
60 4.583476
60 4.746274
60 4.865090
60 5.032656
60 5.101054
60 5.231822
60 5.327261
60 5.396918
60 5.555501
60 5.563497
60 5.677130
60 5.733063
60 5.800835
60 5.850349
60 5.886436
60 5.912825
60 5.932033
60 5.973001
60 5.976004
60 5.978144
60 6.060553
60 6.066801
60 6.125310
60 6.114063
60 6.078906
60 6.161043
60 6.113245
60 6.186054
60 6.212347
60 6.177586
60 6.233064
60 6.165758
60 6.224432
60 6.240305
60 6.197991
60 6.247957
60 6.257474
60 6.210574
60 6.257141
60 6.291127
60 6.288982
60 6.233518
60 6.273886
60 6.303348
60 6.297902
60 6.240028
60 6.278637
60 6.306816
60 6.300432
60 6.241927
60 6.279971
60 6.307789
60 6.301143
60 6.323242
60 6.258574
60 6.292173
60 6.316695
60 6.307642
60 6.247138
60 6.283826
60 6.310603
60 6.330146
60 6.317460
60 6.254303
60 6.289055
60 6.314419
60 6.332931
60 6.319493
60 6.255786
60 6.290138
60 6.315210
60 6.333508
60 6.319914
60 6.256145
60 6.290400
60 6.315350
60 6.333610
60 6.319988
60 6.256199
60 6.290440
60 6.315430
60 6.333669
60 6.320031
60 6.256179
60 6.290425
60 6.315419
60 6.333661
60 6.320025
60 6.337023
60 6.268580
60 6.299476
60 6.322025
60 6.338482
60 6.323544
60 6.339591
60 6.270455
60 6.300844
60 6.323023
60 6.339211
60 6.351025
60 6.332698
60 6.346272
60 6.275331
60 6.304403
60 6.325621
60 6.341106
60 6.352408
60 6.333708
60 6.347009
60 6.275869
60 6.304795
60 6.325907
60 6.341316
60 6.352561
60 6.333820
60 6.347091
60 6.275980
60 6.304876
60 6.325966
60 6.341307
60 6.352555
60 6.333815
60 6.347087
60 6.275977
60 6.304874
60 6.325965
60 6.341358
60 6.352592
60 6.333842
60 6.347106
60 6.275940
60 6.304847
60 6.325945
60 6.341343
60 6.352581
60 6.360783
60 6.339820
60 6.351470
60 6.279125
60 6.307172
60 6.327641
60 6.342581
60 6.353485
60 6.361443
60 6.340302
60 6.351821
60 6.279381
60 6.307359
60 6.327778
60 6.342681
60 6.353558
60 6.361496
60 6.367290
60 6.344569
60 6.354936
60 6.281654
60 6.309018
60 6.328989
60 6.343565
60 6.354203
60 6.361967
60 6.340684
60 6.352101
60 6.279585
60 6.307508
60 6.327887
60 6.342760
60 6.353616
60 6.334589
60 6.347652
60 6.276338
60 6.305138
60 6.326157
60 6.341498
60 6.352695
60 6.360866
60 6.339881
60 6.351514
60 6.360005
60 6.285354
60 6.311718
60 6.330960
60 6.345003
60 6.355253
60 6.362733
60 6.341244
60 6.352509
60 6.279883
60 6.307725
60 6.328045
60 6.342876
60 6.353700
60 6.361600
60 6.367366
60 6.371574
60 6.347696
60 6.357166
60 6.283385
60 6.310230
60 6.329925
60 6.344196
60 6.354612
60 6.362318
60 6.367838
60 6.371970
60 6.371970
60 6.374986
60 6.296288
60 6.319646
60 6.336798
60 6.349212
60 6.358376
60 6.364961
60 6.369870
60 6.346452
60 6.356259
60 6.363519
60 6.287919
60 6.313590
60 6.332325
60 6.346000
60 6.355980
60 6.363264
60 6.368580
60 6.372460
60 6.375241
60 6.377321
60 6.351891
60 6.360280
60 6.366402
60 6.370871
60 6.293335
60 6.317543
60 6.335211
60 6.348054
60 6.357480
60 6.364358
60 6.369379
60 6.373043
60 6.375717
60 6.377669
60 6.352144
60 6.360465
60 6.366537
60 6.290121
60 6.315197
60 6.333499
60 6.346856
60 6.356605
60 6.363720
60 6.368913
60 6.372703
60 6.348520
60 6.357819
60 6.364606
60 6.288712
60 6.314169
60 6.332748
60 6.346309
60 6.356205
60 6.363429
60 6.368701
60 6.345599
60 6.355687
60 6.363050
60 6.287577
60 6.313340
60 6.332144
60 6.345867
60 6.355883
60 6.363194
60 6.368529
60 6.372423
60 6.375265
60 6.350389
60 6.359184
60 6.365602
60 6.289439
60 6.314700
60 6.333136
60 6.346591
60 6.356411
60 6.363579
60 6.368810
60 6.345679
60 6.355746
60 6.282245
60 6.309449
60 6.329304
60 6.343794
60 6.354371
60 6.362089
60 6.340774
60 6.352166
60 6.279633
60 6.307542
60 6.327912
60 6.342779
60 6.353629
60 6.361548
60 6.367328
60 6.371546
60 6.374625
60 6.349923
60 6.358843
60 6.365354
60 6.289258
60 6.314567
60 6.333039
60 6.346521
60 6.356360
60 6.363542
60 6.368783
60 6.372608
60 6.375400
60 6.377438
60 6.378925
60 6.353061
60 6.361134
60 6.367025
60 6.290478
60 6.315458
60 6.333689
60 6.346995
60 6.356707
60 6.363794
60 6.368967
60 6.372743
60 6.375498
60 6.377458
60 6.352042
60 6.360338
60 6.366445
60 6.290105
60 6.315186
60 6.333491
60 6.346850
60 6.356601
60 6.363666
60 6.368873
60 6.372674
60 6.375448
60 6.377473
60 6.378951
60 6.380029
60 6.380816
60 6.381391
60 6.354860
60 6.362447
60 6.367984
60 6.372025
60 6.374974
60 6.377127
60 6.378698
60 6.298997
60 6.321675
60 6.338227
60 6.350307
60 6.359124
60 6.365559
60 6.370255
60 6.373682
60 6.376184
60 6.378010
60 6.379342
60 6.380315
60 6.381025
60 6.381543
60 6.381869
60 6.382159
60 6.355473
60 6.362843
60 6.368273
60 6.372236
60 6.294332
60 6.318271
60 6.335742
60 6.348494
60 6.357749
60 6.364555
60 6.369522
60 6.373147
60 6.375793
60 6.377725
60 6.379134
60 6.380163
60 6.380914
60 6.381462
60 6.354912
60 6.362485
60 6.368011
60 6.372045
60 6.374989
60 6.377138
60 6.297858
60 6.320844
60 6.337620
60 6.349864
60 6.358800
60 6.365323
60 6.370083
60 6.373557
60 6.376092
60 6.377943
60 6.379293
60 6.380279
60 6.380999
60 6.381524
60 6.381855
60 6.355251
60 6.362680
60 6.368154
60 6.372149
60 6.375065
60 6.296397
60 6.319777
60 6.336842
60 6.349245
60 6.358348
60 6.364993
60 6.369842
60 6.373381
60 6.375964
60 6.377849
60 6.379225
60 6.380229
60 6.380962
60 6.381497
60 6.381888
60 6.382173
60 6.355431
60 6.362864
60 6.368288
60 6.372247
60 6.375136
60 6.377245
60 6.297936
60 6.320901
60 6.337662
60 6.349895
60 6.358823
60 6.365339
60 6.370094
60 6.373565
60 6.376099
60 6.377947
60 6.379297
60 6.380281
60 6.380949
60 6.381487
60 6.381880
60 6.382167
60 6.382377
60 6.355580
60 6.362972
60 6.368367
60 6.372305
60 6.375179
60 6.377276
60 6.378807
60 6.299076
60 6.321733
60 6.338269
60 6.350338
60 6.359146
60 6.365575
60 6.370267
60 6.373691
60 6.376190
60 6.378014
60 6.379345
60 6.380317
60 6.381026
60 6.381518
60 6.381903
60 6.382184
60 6.382389
60 6.382538
60 6.382648
60 6.382727
60 6.382785
60 6.382828
60 6.382859
60 6.382855
60 6.382879
60 6.382896
60 6.382908
60 6.355968
60 6.363256
60 6.368574
60 6.372456
60 6.375288
60 6.377356
60 6.378865
60 6.379967
60 6.299923
80 6.430122
80 6.525147
80 6.702272
80 6.831572
80 7.033685
80 7.262019
80 7.374794
80 7.537950
80 7.764773
80 7.822574
80 7.972505
80 8.162779
80 8.247750
80 8.282843
80 8.416201
80 8.513556
80 8.584611
80 8.636444
80 8.674300
80 8.782751
80 8.808004
80 8.880334
80 8.879251
80 8.959256
80 9.017673
80 9.033360
80 9.071757
80 9.018934
80 9.061229
80 9.092097
80 9.195449
80 9.190031
80 9.213053
80 9.202906
80 9.195474
80 9.270923
80 9.272065
80 9.245975
80 9.226933
80 9.320782
80 9.281530
80 9.252883
80 9.339746
80 9.295346
80 9.370738
80 9.317991
80 9.360316
80 9.337334
80 9.374433
80 9.347610
80 9.381933
80 9.353111
80 9.412897
80 9.348735
80 9.409703
80 9.346430
80 9.408021
80 9.426023
80 9.385290
80 9.436357
80 9.365883
80 9.422218
80 9.436385
80 9.392853
80 9.441876
80 9.369911
80 9.425159
80 9.438531
80 9.394419
80 9.443032
80 9.451576
80 9.403927
80 9.449985
80 9.375815
80 9.429468
80 9.468626
80 9.389421
80 9.439398
80 9.448924
80 9.401991
80 9.448572
80 9.482569
80 9.399597
80 9.446825
80 9.481281
80 9.398670
80 9.446148
80 9.480786
80 9.479131
80 9.424050
80 9.464659
80 9.467360
80 9.415446
80 9.458392
80 9.462787
80 9.412108
80 9.455956
80 9.487958
80 9.484365
80 9.427857
80 9.467450
80 9.469398
80 9.416933
80 9.459477
80 9.463579
80 9.412687
80 9.456366
80 9.488256
80 9.484583
80 9.428017
80 9.467566
80 9.469482
80 9.417002
80 9.459521
80 9.490554
80 9.486266
80 9.429245
80 9.468456
80 9.470139
80 9.417474
80 9.459866
80 9.490805
80 9.486449
80 9.429379
80 9.468554
80 9.470210
80 9.417526
80 9.459904
80 9.490839
80 9.486468
80 9.429392
80 9.468564
80 9.497160
80 9.491081
80 9.432759
80 9.471025
80 9.498953
80 9.492393
80 9.433717
80 9.471724
80 9.472517
80 9.419210
80 9.461137
80 9.491736
80 9.487124
80 9.429873
80 9.468916
80 9.497414
80 9.491269
80 9.432897
80 9.471126
80 9.499025
80 9.492445
80 9.492445
80 9.514585
80 9.530745
80 9.515595
80 9.450650
80 9.484082
80 9.508482
80 9.499346
80 9.438792
80 9.475427
80 9.502166
80 9.494737
80 9.435427
80 9.472972
80 9.500374
80 9.493430
80 9.434473
80 9.472276
80 9.499863
80 9.493057
80 9.434201
80 9.472080
80 9.499720
80 9.492949
80 9.434123
80 9.472023
80 9.499678
80 9.492919
80 9.434107
80 9.472005
80 9.499664
80 9.492915
80 9.434097
80 9.471998
80 9.499666
80 9.492910
80 9.514922
80 9.450159
80 9.483727
80 9.508221
80 9.499160
80 9.438655
80 9.475325
80 9.502088
80 9.494678
80 9.435384
80 9.472943
80 9.500356
80 9.493414
80 9.434462
80 9.472270
80 9.499865
80 9.493055
80 9.434200
80 9.472067
80 9.499717
80 9.492948
80 9.434121
80 9.472022
80 9.499683
80 9.519859
80 9.507661
80 9.444860
80 9.479846
80 9.505394
80 9.497090
80 9.437144
80 9.474228
80 9.501293
80 9.521034
80 9.508518
80 9.445485
80 9.480303
80 9.505728
80 9.497334
80 9.437323
80 9.474359
80 9.501389
80 9.521104
80 9.508570
80 9.445523
80 9.480330
80 9.505748
80 9.497349
80 9.518168
80 9.452528
80 9.485456
80 9.509489
80 9.500079
80 9.439313
80 9.475811
80 9.502449
80 9.521891
80 9.509130
80 9.445919
80 9.480633
80 9.505968
80 9.524459
80 9.511005
80 9.447313
80 9.481625
80 9.506692
80 9.524987
80 9.511391
80 9.447595
80 9.481855
80 9.506835
80 9.498168
80 9.518741
80 9.452959
80 9.485770
80 9.509718
80 9.500247
80 9.439436
80 9.475901
80 9.502515
80 9.521938
80 9.536115
80 9.465613
80 9.495007
80 9.516459
80 9.505166
80 9.443051
80 9.478539
80 9.504415
80 9.496402
80 9.436629
80 9.473852
80 9.501019
80 9.520847
80 9.508369
80 9.445364
80 9.480227
80 9.505672
80 9.497294
80 9.437306
80 9.474321
80 9.501362
80 9.521097
80 9.508552
80 9.445522
80 9.480343
80 9.505731
80 9.497336
80 9.518159
80 9.452535
80 9.485461
80 9.509492
80 9.500082
80 9.439315
80 9.475813
80 9.502450
80 9.521892
80 9.509131
80 9.526768
80 9.458792
80 9.490027
80 9.512825
80 9.502514
80 9.521938
80 9.455267
80 9.487455
80 9.510947
80 9.528093
80 9.513658
80 9.449224
80 9.483045
80 9.507729
80 9.525743
80 9.511943
80 9.528846
80 9.460282
80 9.491141
80 9.513612
80 9.530064
80 9.515070
80 9.450280
80 9.483789
80 9.508298
80 9.526134
80 9.512253
80 9.529020
80 9.460462
80 9.491220
80 9.513721
80 9.530092
80 9.515142
80 9.450281
80 9.483842
80 9.508285
80 9.526175
80 9.512232
80 9.448209
80 9.482278
80 9.507195
80 9.525329
80 9.511665
80 9.447795
80 9.481976
80 9.506923
80 9.525182
80 9.511507
80 9.528527
80 9.460102
80 9.490958
80 9.513478
80 9.529966
80 9.514999
80 9.450229
80 9.483804
80 9.508257
80 9.526104
80 9.539181
80 9.521724
80 9.455136
80 9.487386
80 9.510871
80 9.528011
80 9.540573
80 9.522740
80 9.455878
80 9.487927
80 9.511267
80 9.528352
80 9.540770
80 9.522883
80 9.455982
80 9.488003
80 9.511321
80 9.528392
80 9.540799
80 9.522905
80 9.455998
80 9.488014
80 9.511330
80 9.528398
80 9.513854
80 9.530240
80 9.461300
80 9.491884
80 9.514154
80 9.530459
80 9.515359
80 9.531339
80 9.462102
80 9.492470
80 9.514582
80 9.530771
80 9.515587
80 9.450657
80 9.484065
80 9.508499
80 9.526280
80 9.512361
80 9.529099
80 9.460519
80 9.491262
80 9.513752
80 9.530114
80 9.515159
80 9.450294
80 9.483851
80 9.508291
80 9.526180
80 9.512236
80 9.529059
80 9.460439
80 9.491256
80 9.513696
80 9.530125
80 9.515115
80 9.531160
80 9.461972
80 9.492374
80 9.514512
80 9.503771
80 9.522830
80 9.455943
80 9.487923
80 9.511314
80 9.528336
80 9.513861
80 9.530193
80 9.461318
80 9.491898
80 9.514164
80 9.530415
80 9.515378
80 9.531301
80 9.462126
80 9.492487
80 9.514594
80 9.530729
80 9.515607
80 9.450672
80 9.484076
80 9.508507
80 9.526286
80 9.512313
80 9.448268
80 9.482372
80 9.507212
80 9.525393
80 9.511661
80 9.528640
80 9.460133
80 9.491032
80 9.513532
80 9.530005
80 9.515027
80 9.450249
80 9.483767
80 9.508281
80 9.526121
80 9.512244
80 9.529014
80 9.460457
80 9.491217
80 9.513719
80 9.530090
80 9.515141
80 9.531128
80 9.462000
80 9.492343
80 9.514541
80 9.530690
80 9.515579
80 9.531447
80 9.462233
80 9.492513
80 9.514665
80 9.530781
80 9.542594
80 9.524215
80 9.456954
80 9.488661
80 9.511853
80 9.528780
80 9.541031
80 9.523177
80 9.536942
80 9.466294
80 9.495426
80 9.516790
80 9.516790
80 9.532383
80 9.516763
60 9.451567
60 9.376881
60 9.322474
60 9.175072
60 9.040387
60 8.888293
60 8.750340
60 8.622705
60 8.475654
60 8.341379
60 8.216431
60 8.071391
60 7.938586
60 7.841607
60 7.770879
60 7.611462
60 7.575960
60 7.496150
60 7.410953
60 7.348772
60 7.276440
60 7.169751
60 7.172732
60 7.067163
60 7.070910
60 7.019746
60 6.955506
60 6.908570
60 6.874366
60 6.822453
60 6.811461
60 6.722643
60 6.738668
60 6.723362
60 6.658345
60 6.664791
60 6.615546
60 6.633554
60 6.592799
60 6.536105
60 6.602472
60 6.543165
60 6.499880
60 6.576086
60 6.523907
60 6.485824
60 6.538826
60 6.523662
60 6.485646
60 6.457900
60 6.518497
60 6.481876
60 6.482046
60 6.455273
60 6.435732
60 6.421471
60 6.491910
60 6.462471
60 6.467936
60 6.444974
60 6.428216
60 6.415985
60 6.407058
60 6.481339
60 6.454757
60 6.435356
60 6.448145
60 6.430530
60 6.417674
60 6.408291
60 6.401443
60 6.396444
60 6.473593
60 6.449103
60 6.431229
60 6.445133
60 6.428332
60 6.416070
60 6.407120
60 6.400588
60 6.395821
60 6.392342
60 6.389802
60 6.387949
60 6.467392
60 6.444578
60 6.427927
60 6.442723
60 6.426573
60 6.414786
60 6.406183
60 6.399905
60 6.395322
60 6.391978
60 6.389537
60 6.387755
60 6.386455
60 6.466302
60 6.443782
60 6.427346
60 6.415350
60 6.406595
60 6.400205
60 6.395542
60 6.392138
60 6.389654
60 6.387841
60 6.386518
60 6.385551
60 6.303999
60 6.325326
60 6.340891
60 6.352252
60 6.360543
60 6.366594
60 6.371011
60 6.374234
60 6.376587
60 6.378304
60 6.379557
60 6.380420
60 6.381102
60 6.381599
60 6.381962
60 6.382226
60 6.382420
60 6.382561
60 6.382664
60 6.382740
60 6.382794
60 6.382834
60 6.382864
60 6.382885
60 6.463748
60 6.441866
60 6.425948
60 6.414330
60 6.405850
60 6.426610
60 6.414813
60 6.406203
60 6.399919
60 6.395333
60 6.391985
60 6.389542
60 6.387759
60 6.386458
60 6.385508
60 6.384815
60 6.384309
60 6.383940
60 6.383670
60 6.383422
60 6.464140
60 6.442204
60 6.426194
60 6.441459
60 6.425650
60 6.414112
60 6.405691
60 6.399545
60 6.395060
60 6.391786
60 6.389397
60 6.387601
60 6.386343
60 6.466272
60 6.443760
60 6.427330
60 6.442287
60 6.426255
60 6.414554
60 6.406013
60 6.399781
60 6.395232
60 6.391912
60 6.389437
60 6.468530
60 6.445408
60 6.428533
60 6.443165
60 6.426896
60 6.415021
60 6.406355
60 6.400030
60 6.395413
60 6.392044
60 6.389585
60 6.387739
60 6.386443
60 6.466345
60 6.443813
60 6.427369
60 6.442316
60 6.426275
60 6.414568
60 6.406024
60 6.399789
60 6.395237
60 6.391916
60 6.389440
60 6.387685
60 6.386404
60 6.466316
60 6.443792
60 6.427353
60 6.442305
60 6.426268
60 6.414563
60 6.406021
60 6.399786
60 6.395184
60 6.391877
60 6.389463
60 6.387702
60 6.467264
60 6.444484
60 6.427858
60 6.442673
60 6.453485
60 6.434428
60 6.420518
60 6.410367
60 6.402906
60 6.397513
60 6.393577
60 6.390704
60 6.469455
60 6.446083
60 6.429025
60 6.416575
60 6.434438
60 6.420526
60 6.410373
60 6.402962
60 6.397502
60 6.393569
60 6.390698
60 6.388603
60 6.387074
60 6.385957
60 6.465991
60 6.443554
60 6.427180
60 6.415229
60 6.433455
60 6.419757
60 6.409811
60 6.402553
60 6.397255
60 6.393414
60 6.390585
60 6.388494
60 6.386994
60 6.385900
60 6.465922
60 6.443505
60 6.427144
60 6.415202
60 6.433436
60 6.419795
60 6.409839
60 6.402573
60 6.397243
60 6.393380
60 6.390560
60 6.388502
60 6.387000
60 6.466726
60 6.444091
60 6.427571
60 6.415514
60 6.433664
60 6.419961
60 6.409960
60 6.402636
60 6.397316
60 6.393433
60 6.390599
60 6.388530
60 6.387021
60 6.466741
60 6.444102
60 6.454528
60 6.435189
60 6.421074
60 6.410772
60 6.403228
60 6.397748
60 6.393748
60 6.390829
60 6.388699
60 6.387144
60 6.466831
60 6.444168
60 6.427627
60 6.442504
60 6.426414
60 6.414670
60 6.406073
60 6.399824
60 6.395263
60 6.391934
60 6.470327
60 6.446719
60 6.429490
60 6.443864
60 6.427405
60 6.415393
60 6.406627
60 6.400202
60 6.395539
60 6.392136
60 6.470500
60 6.446820
60 6.429563
60 6.443917
60 6.427444
60 6.415422
60 6.406647
60 6.400243
60 6.395569
60 6.392132
60 6.389649
60 6.468685
60 6.445521
60 6.428589
60 6.443207
60 6.426926
60 6.415044
60 6.406372
60 6.400042
60 6.395422
60 6.392051
60 6.470412
60 6.446781
60 6.429534
60 6.443871
60 6.427411
60 6.415397
60 6.406629
60 6.400230
60 6.395559
60 6.392151
60 6.389663
60 6.468669
60 6.445510
60 6.428607
60 6.443194
60 6.426917
60 6.415037
60 6.406366
60 6.400038
60 6.395420
60 6.392049
60 6.389589
60 6.468615
60 6.445470
60 6.455527
60 6.435892
60 6.421587
60 6.411147
60 6.403527
60 6.397966
60 6.393907
60 6.390945
60 6.388783
60 6.468027
60 6.445041
60 6.455214
60 6.435689
60 6.421413
60 6.411020
60 6.403435
60 6.397899
60 6.393858
60 6.390909
60 6.469579
60 6.446173
60 6.456040
60 6.436280
60 6.421870
60 6.411354
60 6.403678
60 6.398076
60 6.393975
60 6.390994
60 6.469654
60 6.446215
60 6.456071
60 6.436315
60 6.421883
60 6.411363
60 6.403685
60 6.398081
60 6.393991
60 6.471828
60 6.447815
60 6.430289
60 6.444435
60 6.427822
60 6.415698
60 6.406848
60 6.400377
60 6.395667
60 6.392230
60 6.470555
60 6.446873
60 6.456551
60 6.436665
60 6.422139
60 6.411550
60 6.403821
60 6.398180
60 6.394064
60 6.471881
60 6.447854
60 6.430318
60 6.444456
60 6.427837
60 6.415709
60 6.406844
60 6.400386
60 6.395674
60 6.392234
60 6.470546
60 6.446879
60 6.429606
60 6.443936
60 6.427458
60 6.415432
60 6.406655
60 6.400249
60 6.395560
60 6.392151
60 6.470498
60 6.446844
60 6.429574
60 6.443913
60 6.427441
60 6.415420
60 6.406639
60 6.400237
60 6.395565
60 6.392148
60 6.389661
60 6.468674
60 6.445507
60 6.455547
60 6.435933
60 6.421610
60 6.411164
60 6.403540
60 6.397969
60 6.393909
60 6.390940
60 6.469608
60 6.446195
60 6.456049
60 6.436293
60 6.421880
60 6.411361
60 6.403677
60 6.398076
60 6.474816
60 6.449989
60 6.458819
60 6.438320
60 6.423356
60 6.412435
60 6.404464
60 6.398650
60 6.394403
60 6.391304
60 6.469873
60 6.446385
60 6.429242
60 6.443677
60 6.427266
60 6.415288
60 6.406549
60 6.400168
60 6.395512
60 6.392113
60 6.470465
60 6.446817
60 6.429559
60 6.443907
60 6.427433
60 6.415412
60 6.406637
60 6.400233
60 6.395560
60 6.472980
60 6.529484
60 6.489892
60 6.487940
60 6.459572
60 6.438868
60 6.423757
40 6.423757
40 6.304954
40 6.299077
40 6.133126
40 6.065895
40 5.962940
40 5.833912
40 5.685853
40 5.550851
40 5.452321
40 5.380407
40 5.327923
40 5.181844
40 5.183003
40 5.076075
40 4.998032
40 4.941075
40 4.872562
40 4.768670
40 4.746731
40 4.676834
40 4.679706
40 4.627916
40 4.563172
40 4.515922
40 4.481433
40 4.456265
40 4.437893
40 4.424488
40 4.387758
40 4.307065
40 4.329001
40 4.345014
40 4.248923
40 4.286569
40 4.287099
40 4.233600
40 4.248440
40 4.205385
40 4.227847
40 4.190355
40 4.216878
40 4.182346
40 4.130204
40 4.199920
40 4.143030
40 4.182338
40 4.157141
40 4.111808
40 4.159551
40 4.140510
40 4.099670
40 4.150692
40 4.134044
40 4.094944
40 4.147243
40 4.131527
40 4.093114
40 4.145907
40 4.130552
40 4.092402
40 4.064559
40 4.152009
40 4.108063
40 4.075982
40 4.133410
40 4.121425
40 4.085741
40 4.059698
40 4.148461
40 4.105473
40 4.074099
40 4.132029
40 4.120423
40 4.085003
40 4.059159
40 4.121125
40 4.112465
40 4.079202
40 4.054924
40 4.118034
40 4.110209
40 4.077556
40 4.053717
40 4.117153
40 4.109566
40 4.077086
40 4.053380
40 4.116908
40 4.109387
40 4.076949
40 4.053287
40 4.116839
40 4.109337
40 4.076912
40 4.053247
40 4.116811
40 4.109316
40 4.076910
40 4.053246
40 4.116809
40 4.109315
40 4.076910
40 4.053246
40 4.116809
40 4.109315
40 4.076897
40 4.053249
40 4.116812
40 4.109317
40 4.076898
40 4.134071
40 4.121914
40 4.086092
40 4.059959
40 4.121709
40 4.112892
40 4.079507
40 4.055154
40 4.118202
40 4.110332
40 4.077638
40 4.053777
40 4.117197
40 4.109598
40 4.077116
40 4.053396
40 4.116919
40 4.109396
40 4.076968
40 4.053288
40 4.116840
40 4.109338
40 4.076913
40 4.053261
40 4.116820
40 4.109323
40 4.076902
40 4.053240
40 4.116805
40 4.109312
40 4.076907
40 4.053244
40 4.116808
40 4.109314
40 4.076909
40 4.053245
40 4.116808
40 4.109314
40 4.076896
40 4.053248
40 4.116811
40 4.109316
40 4.076897
40 4.053236
40 4.116816
40 4.109307
40 4.076903
40 4.053241
40 4.116806
40 4.109313
40 4.076907
40 4.053244
40 4.116808
40 4.109314
40 4.076896
40 4.134070
40 4.121913
40 4.086104
40 4.059956
40 4.121706
40 4.112889
40 4.079518
40 4.055149
40 4.118198
40 4.110329
40 4.077636
40 4.053789
40 4.117206
40 4.109604
40 4.077107
40 4.134224
40 4.122025
40 4.086173
40 4.060019
40 4.121753
40 4.112923
40 4.079530
40 4.055158
40 4.118217
40 4.110343
40 4.077647
40 4.053783
40 4.117215
40 4.109611
40 4.077112
40 4.134215
40 4.122019
40 4.086194
40 4.060021
40 4.121742
40 4.112915
40 4.079524
40 4.055179
40 4.118207
40 4.110336
40 4.077641
40 4.053805
40 4.117205
40 4.109604
40 4.077107
40 4.053390
40 4.116927
40 4.109401
40 4.076959
40 4.134130
40 4.095007
40 4.093403
40 4.065283
40 4.125582
40 4.115718
40 4.081595
40 4.056665
40 4.119292
40 4.111127
40 4.078244
40 4.054219
40 4.117507
40 4.109824
40 4.077268
40 4.053533
40 4.117006
40 4.109458
40 4.077001
40 4.053312
40 4.116871
40 4.109360
40 4.076929
40 4.134108
40 4.121940
40 4.086111
40 4.059961
40 4.121723
40 4.112902
40 4.079514
40 4.055146
40 4.118184
40 4.110318
40 4.077654
40 4.053789
40 4.117193
40 4.109595
40 4.077101
40 4.134233
40 4.122031
40 4.086177
40 4.060009
40 4.121758
40 4.112927
40 4.079533
40 4.055160
40 4.118219
40 4.110344
40 4.077647
40 4.053784
40 4.117215
40 4.109612
40 4.077113
40 4.134215
40 4.122019
40 4.086194
40 4.060021
40 4.121742
40 4.112915
40 4.079524
40 4.055179
40 4.118207
40 4.110336
40 4.077641
40 4.053780
40 4.117212
40 4.109609
40 4.077111
40 4.053392
40 4.116929
40 4.109403
40 4.076960
40 4.134130
40 4.121957
40 4.086123
40 4.059970
40 4.121704
40 4.112888
40 4.079530
40 4.055158
40 4.118192
40 4.110324
40 4.077658
40 4.053792
40 4.117195
40 4.109596
40 4.077102
40 4.053411
40 4.116918
40 4.109394
40 4.076954
40 4.134125
40 4.121953
40 4.086120
40 4.059968
40 4.121728
40 4.112905
40 4.079516
40 4.055148
40 4.118211
40 4.110338
40 4.077643
40 4.053781
40 4.117187
40 4.109591
40 4.077123
40 4.053401
40 4.116910
40 4.109389
40 4.076950
40 4.053301
40 4.116837
40 4.109335
40 4.076911
40 4.053272
40 4.116816
40 4.109320
40 4.076900
40 4.053238
40 4.116817
40 4.109321
40 4.076900
40 4.053239
40 4.116817
40 4.109321
40 4.076900
40 4.053239
40 4.116817
40 4.109321
40 4.076900
40 4.053239
40 4.116817
40 4.109321
40 4.076900
40 4.053239
40 4.116791
40 4.109302
40 4.076912
40 4.053247
40 4.116798
40 4.109307
40 4.076916
40 4.053250
40 4.116800
40 4.109308
40 4.076891
40 4.053258
40 4.116806
40 4.109313
40 4.076894
40 4.053234
40 4.116814
40 4.109318
40 4.076899
40 4.053237
40 4.116816
40 4.109320
40 4.076900
40 4.053238
40 4.116817
40 4.109321
40 4.076900
40 4.053239
40 4.116817
40 4.109321
40 4.076900
40 4.134061
40 4.121906
40 4.086086
40 4.059968
40 4.121703
40 4.112913
40 4.079496
40 4.055159
40 4.118193
40 4.110351
40 4.077626
40 4.053794
40 4.117197
40 4.109572
40 4.077110
40 4.134213
40 4.122043
40 4.086160
40 4.060023
40 4.121743
40 4.112942
40 4.079517
40 4.055174
40 4.118204
40 4.110359
40 4.077632
40 4.134646
40 4.122308
40 4.086405
40 4.060150
40 4.121887
40 4.112995
40 4.079608
40 4.055189
40 4.118215
40 4.110367
40 4.077690
40 4.053789
40 4.117193
40 4.109621
40 4.077094
40 4.134254
40 4.122021
40 4.086195
40 4.059997
40 4.121776
40 4.112914
40 4.079549
40 4.055146
40 4.145133
40 4.103063
40 4.072359
40 4.130746
40 4.119462
40 4.084327
40 4.058685
40 4.120766
40 4.112177
40 4.079011
40 4.135601
40 4.123056
40 4.086899
40 4.060562
40 4.122136
40 4.113229
40 4.079727
40 4.055327
40 4.118316
40 4.110440
40 4.077692
40 4.134638
40 4.122354
40 4.086438
40 4.060174
40 4.121853
40 4.113022
40 4.079576
40 4.055217
40 4.118236
40 4.110382
40 4.077649
40 4.053811
40 4.117209
40 4.109632
40 4.077102
40 4.134259
40 4.122025
40 4.086198
40 4.059999
40 4.121777
40 4.112915
40 4.079549
40 4.055146
40 4.118235
40 4.110330
40 4.077663
40 4.134617
40 4.122286
40 4.086389
40 4.060190
40 4.121864
40 4.112979
40 4.079596
40 4.136028
40 4.123368
40 4.087127
40 4.060728
40 4.122257
40 4.113317
40 4.079792
40 4.136171
40 4.123472
40 4.087254
40 4.060770
40 4.122288
40 4.113339
40 4.079808
40 4.136234
40 4.123466
60 4.087250
60 4.249412
60 4.313865
60 4.522551
60 4.621011
60 4.773668
60 4.992881
60 5.045075
60 5.190966
60 5.297443
60 5.455951
60 5.517790
60 5.616770
60 5.635163
60 5.729435
60 5.798187
60 5.848365
60 5.885039
60 5.911754
60 6.012099
60 6.031437
60 6.018653
60 6.117068
60 6.081099
60 6.162643
60 6.195209
60 6.165130
60 6.223922
60 6.239985
60 6.197758
60 6.247787
60 6.257350
60 6.291280
60 6.235195
60 6.275110
60 6.304241
60 6.325503
60 6.341021
60 6.325397
60 6.340943
60 6.352289
60 6.360570
60 6.285767
60 6.312019
60 6.331180
60 6.345164
60 6.355370
60 6.362819
60 6.368255
60 6.372223
60 6.375119
60 6.377232
60 6.378775
60 6.379900
60 6.461518
60 6.440290
60 6.424798
60 6.413490
60 6.405237
60 6.399214
60 6.394818
60 6.391610
60 6.416217
60 6.407228
60 6.400667
60 6.395879
60 6.392333
60 6.389796
60 6.387944
60 6.386593
60 6.385607
60 6.384887
60 6.384361
60 6.464826
60 6.523552
60 6.485565
60 6.457841
60 6.464556
60 6.442456
60 6.426378
60 6.414643
60 6.406079
60 6.399828
60 6.395267
60 6.391937
60 6.389507
60 6.387733
60 6.467287
60 6.444501
60 6.427870
60 6.442630
60 6.426505
60 6.414736
60 6.406147
60 6.399878
60 6.395303
60 6.391963
60 6.389526
60 6.387748
60 6.467297
60 6.444508
60 6.427876
60 6.442634
60 6.426508
60 6.414738
60 6.406148
60 6.399879
60 6.395303
60 6.391964
60 6.389527
60 6.468596
60 6.445456
60 6.428567
60 6.443139
60 6.426877
60 6.415008
60 6.406345
60 6.400023
60 6.395408
60 6.392040
60 6.389582
60 6.468636
60 6.445485
60 6.428589
60 6.443206
60 6.426874
60 6.415006
60 6.406343
60 6.400022
60 6.395408
60 6.392040
60 6.389582
60 6.387788
60 6.386479
60 6.466371
60 6.443832
60 6.427382
60 6.415377
60 6.433512
60 6.419850
60 6.409879
60 6.402602
60 6.397291
60 6.393414
60 6.390585
60 6.388521
60 6.387013
60 6.385913
60 6.385111
60 6.384525
60 6.384097
60 6.383785
60 6.383557
60 6.464187
60 6.442238
60 6.426219
60 6.441477
60 6.425663
60 6.414122
60 6.405699
60 6.399551
60 6.395064
60 6.391789
60 6.470195
60 6.446623
60 6.429420
60 6.443813
60 6.427368
60 6.415366
60 6.406607
60 6.400214
60 6.395548
60 6.392142
60 6.389657
60 6.468639
60 6.445488
60 6.428591
60 6.443208
60 6.426978
60 6.415030
60 6.406413
60 6.400021
60 6.395355
60 6.392053
60 6.389540
60 6.468606
60 6.445515
60 6.428559
60 6.443184
60 6.443184
60 6.426858
60 6.415045
60 6.406321
60 6.400057
60 6.395381
60 6.472868
60 6.448626
60 6.430830
60 6.444842
60 6.428119
60 6.415915
60 6.407007
60 6.400506
60 6.395761
60 6.392298
60 6.470567
60 6.446895
60 6.456567
60 6.436677
60 6.422160
60 6.411565
60 6.403832
60 6.398189
60 6.394070
60 6.391064
60 6.469718
60 6.446223
60 6.429128
60 6.443600
60 6.427213
60 6.415253
60 6.406524
60 6.400153
60 6.395504
60 6.392110
60 6.470481
60 6.446832
60 6.456469
60 6.436605
60 6.422108
60 6.411527
60 6.403805
60 6.398169
60 6.394055
60 6.391053
60 6.469709
60 6.446269
60 6.429161
60 6.443572
60 6.427193
60 6.415238
60 6.406513
60 6.400146
60 6.395498
60 6.392106
60 6.470478
60 6.446830
60 6.456520
60 6.436642
60 6.422083
60 6.411509
60 6.403791
60 6.398159
60 6.394048
60 6.391048
60 6.469706
60 6.446266
60 6.429159
60 6.443622
60 6.427229
60 6.415265
60 6.406481
60 6.400122
60 6.395481
60 6.392093
60 6.470469
60 6.446823
60 6.429565
60 6.443919
60 6.427445
60 6.415422
60 6.406648
60 6.400243
60 6.395518
60 6.392120
60 6.389641
60 6.387831
60 6.467358
60 6.444552
60 6.427908
60 6.442709
60 6.426563
60 6.414778
60 6.406178
60 6.399849
60 6.395281
60 6.391948
60 6.389515
60 6.468587
60 6.445449
60 6.455512
60 6.435907
60 6.421598
60 6.411155
60 6.403533
60 6.397970
60 6.393859
60 6.471757
60 6.447763
60 6.430252
60 6.444420
60 6.427811
60 6.415689
60 6.406843
60 6.400386
60 6.395673
60 6.392234
60 6.389724
60 6.468688
60 6.445523
60 6.455566
60 6.435946
60 6.421627
60 6.411176
60 6.403548
60 6.397981
60 6.393919
60 6.390953
60 6.469585
60 6.446178
60 6.429094
60 6.443575
60 6.427195
60 6.415240
60 6.406515
60 6.400146
60 6.395499
60 6.392107
60 6.470427
60 6.446793
60 6.456492
60 6.436622
60 6.422120
60 6.411536
60 6.403811
60 6.398173
60 6.394059
60 6.471852
60 6.447832
60 6.457251
60 6.437176
60 6.422524
60 6.411831
60 6.404027
60 6.398331
60 6.394174
60 6.471987
60 6.447931
60 6.457272
60 6.437191
60 6.422535
60 6.411839
60 6.404032
60 6.398335
60 6.394176
60 6.471989
60 6.447932
60 6.430375
60 6.444458
60 6.427839
60 6.415710
60 6.406857
60 6.400397
60 6.395681
60 6.473088
60 6.448734
60 6.457910
60 6.437657
60 6.422875
60 6.412035
60 6.404176
60 6.398439
60 6.394253
60 6.472045
60 6.447973
60 6.457354
60 6.437251
60 6.422579
60 6.411871
60 6.404056
60 6.398352
60 6.474985
60 6.450119
60 6.431971
60 6.445674
60 6.428727
60 6.416358
60 6.407331
60 6.400742
60 6.395933
60 6.392424
60 6.470658
60 6.446961
60 6.456615
60 6.436712
60 6.422186
60 6.411584
60 6.403846
60 6.398199
60 6.394077
60 6.471865
60 6.447842
60 6.457258
60 6.437181
60 6.422528
60 6.411834
60 6.404028
60 6.398332
60 6.475022
60 6.450094
60 6.431952
60 6.445661
60 6.428717
60 6.416351
60 6.407325
60 6.400738
60 6.395930
60 6.473269
60 6.448867
60 6.457954
60 6.437689
60 6.422899
60 6.412105
60 6.404226
60 6.398476
60 6.394279
60 6.391217
60 6.469829
60 6.446356
60 6.456173
60 6.436338
60 6.421913
60 6.411385
60 6.403701
60 6.398093
60 6.394000
60 6.471860
60 6.447838
60 6.457255
60 6.437179
60 6.422527
60 6.411833
60 6.403976
60 6.398294
60 6.474994
60 6.450126
60 6.458925
60 6.438397
60 6.423416
60 6.412456
60 6.404482
60 6.398663
60 6.475238
60 6.450304
60 6.432106
60 6.445773
60 6.428799
60 6.416410
60 6.407369
60 6.400770
60 6.395928
60 6.473268
60 6.448865
60 6.457979
60 6.437707
60 6.422912
60 6.412114
60 6.404233
60 6.479303
60 6.453271
60 6.461220
60 6.440073
60 6.424639
60 6.413348
60 6.405134
60 6.479986
60 6.453769
60 6.461558
60 6.440320
60 6.424819
60 6.413506
60 6.405249
60 6.399222
60 6.475646
60 6.450602
60 6.459272
60 6.438625
60 6.423582
60 6.412603
60 6.404590
60 6.398741
60 6.475295
60 6.450346
60 6.459085
60 6.438515
60 6.423501
60 6.412544
60 6.404547
60 6.398685
60 6.475279
80 6.477257
80 6.559549
80 6.727406
80 6.957660
80 7.125710
80 7.329208
80 7.504653
80 7.659650
80 7.745851
80 7.916509
80 8.041088
80 8.239758
80 8.277009
80 8.411942
80 8.510448
80 8.582343
80 8.634789
80 8.673092
80 8.808818
80 8.800080
80 8.901500
80 8.948571
80 9.009875
80 8.973770
80 9.028266
80 9.068014
80 9.177897
80 9.177221
80 9.203703
80 9.196081
80 9.190493
80 9.267262
80 9.269419
80 9.244043
80 9.333269
80 9.290645
80 9.367307
80 9.315487
80 9.385437
80 9.409541
80 9.373235
80 9.400635
80 9.366760
80 9.422859
80 9.436853
80 9.393168
80 9.442133
80 9.450920
80 9.403461
80 9.449644
80 9.483326
80 9.481010
80 9.425396
80 9.465654
80 9.495036
80 9.489532
80 9.431628
80 9.470190
80 9.498346
80 9.491947
80 9.514226
80 9.449651
80 9.483356
80 9.507957
80 9.498960
80 9.519332
80 9.453378
80 9.486076
80 9.509941
80 9.527359
80 9.513122
80 9.448845
80 9.482755
80 9.507517
80 9.525589
80 9.538779
80 9.521457
80 9.535750
80 9.465373
80 9.494818
80 9.516321
80 9.532015
80 9.543456
80 9.524883
80 9.538251
80 9.467186
80 9.496154
80 9.517296
80 9.532714
80 9.543980
80 9.525252
80 9.538533
80 9.467392
80 9.496305
80 9.517393
80 9.532798
80 9.544041
80 9.525297
80 9.538567
80 9.467416
80 9.496315
80 9.517407
80 9.532808
80 9.544042
80 9.552247
80 9.531286
80 9.542931
80 9.470608
80 9.498645
80 9.519108
80 9.534049
80 9.544948
80 9.552908
80 9.531769
80 9.543283
80 9.470865
80 9.498833
80 9.519248
80 9.534148
80 9.545020
80 9.552958
80 9.531808
80 9.543315
80 9.551713
80 9.477011
80 9.503322
80 9.522523
80 9.536538
80 9.546765
80 9.554232
80 9.532736
80 9.543992
80 9.471376
80 9.499208
80 9.519522
80 9.534348
80 9.545168
80 9.545168
80 9.553065
80 9.531885
80 9.543370
80 9.470922
80 9.498878
80 9.519279
80 9.534171
80 9.545040
80 9.552973
80 9.558762
80 9.562984
80 9.539125
80 9.548656
80 9.474779
80 9.501693
80 9.521336
80 9.535672
80 9.546135
80 9.553768
80 9.559342
80 9.563411
80 9.539433
80 9.548883
80 9.555774
80 9.479975
80 9.505487
80 9.524102
80 9.537694
80 9.547607
80 9.554843
80 9.560130
80 9.563982
80 9.539857
80 9.549186
80 9.555995
80 9.560971
80 9.483768
80 9.508249
80 9.526124
80 9.539164
80 9.548687
80 9.555631
80 9.560705
80 9.564396
80 9.540166
80 9.549405
80 9.556161
80 9.480257
80 9.505694
80 9.524260
80 9.537796
80 9.547688
80 9.554909
80 9.560165
80 9.564014
80 9.566824
80 9.541925
80 9.550702
80 9.557095
80 9.561773
80 9.484353
80 9.508683
80 9.526441
80 9.539388
80 9.548850
80 9.555757
80 9.560784
80 9.564466
80 9.567154
80 9.569115
80 9.570533
80 9.571581
80 9.545397
80 9.553236
80 9.558957
80 9.563120
80 9.485336
80 9.509401
80 9.526965
80 9.539771
80 9.549129
80 9.555960
80 9.560946
80 9.564584
80 9.567240
80 9.569152
80 9.570573
80 9.571610
80 9.572368
80 9.545971
80 9.553655
80 9.559262
80 9.563355
80 9.566317
80 9.487682
80 9.511113
80 9.528214
80 9.540695
80 9.549779
80 9.556434
80 9.561291
80 9.564836
80 9.567423
80 9.569311
80 9.570689
80 9.544746
80 9.552735
80 9.558592
80 9.562866
80 9.565986
80 9.487440
80 9.510911
80 9.528067
80 9.540587
80 9.549726
80 9.556396
80 9.561263
80 9.564816
80 9.567383
80 9.569283
80 9.570668
80 9.571680
80 9.545469
80 9.553288
80 9.558995
80 9.563161
80 9.566201
80 9.487572
80 9.511032
80 9.528155
80 9.540652
80 9.549747
80 9.556411
80 9.561275
80 9.564824
80 9.567414
80 9.569305
80 9.570685
80 9.571667
80 9.572409
80 9.572950
80 9.546396
80 9.553966
80 9.559489
80 9.563521
80 9.485616
80 9.509605
80 9.527114
80 9.539892
80 9.549218
80 9.556025
80 9.560966
80 9.564599
80 9.567250
80 9.569185
80 9.543649
80 9.551960
80 9.558026
80 9.562453
80 9.484837
80 9.509036
80 9.526698
80 9.539589
80 9.548997
80 9.555863
80 9.560849
80 9.564539
80 9.567181
80 9.569109
80 9.570568
80 9.571581
80 9.572371
80 9.545948
80 9.553664
80 9.559244
80 9.563368
80 9.485478
80 9.509530
80 9.527033
80 9.539859
80 9.549169
80 9.555963
80 9.560973
80 9.564578
80 9.567261
80 9.569167
80 9.570610
80 9.571611
80 9.572343
80 9.545979
80 9.553635
80 9.559274
80 9.563338
80 9.485508
80 9.509501
80 9.527062
80 9.539829
80 9.549198
80 9.555984
80 9.560989
80 9.564590
80 9.567219
80 9.569188
80 9.543625
80 9.551969
80 9.558006
80 9.562465
80 9.484819
80 9.509049
80 9.526682
80 9.539602
80 9.548981
80 9.555878
80 9.560860
80 9.564495
80 9.567201
80 9.569123
80 9.570579
80 9.571589
80 9.572377
80 9.572902
80 9.573284
80 9.546666
80 9.554136
80 9.559640
80 9.563605
80 9.566551
80 9.568649
80 9.489385
80 9.512330
80 9.529128
80 9.541336
80 9.550298
80 9.556787
80 9.561574
80 9.565017
80 9.567530
80 9.569415
80 9.570740
80 9.571758
80 9.572450
80 9.573006
80 9.573360
80 9.573619
80 9.573859
80 9.547034
80 9.554457
80 9.559822
80 9.563789
80 9.566634
80 9.568710
80 9.570277
80 9.490573
80 9.513197
80 9.529760
80 9.541798
80 9.550583
80 9.557047
80 9.561713
80 9.565170
80 9.567641
80 9.569496
80 9.570799
80 9.571750
80 9.572495
80 9.572988
80 9.573399
80 9.573647
80 9.573879
80 9.573997
80 9.574084
80 9.547250
80 9.554563
80 9.559951
80 9.563832
80 9.566716
80 9.568769
80 9.489472
80 9.512394
80 9.529175
80 9.541370
80 9.550323
80 9.556805
80 9.561536
80 9.565041
80 9.567547
80 9.569427
80 9.570748
80 9.571764
80 9.572453
80 9.572957
80 9.573377
80 9.573631
80 9.573869
80 9.573990
80 9.574130
80 9.574181
80 9.574218
80 9.574296
80 9.574302
80 9.574358
80 9.574347
80 9.574391
80 9.574371
80 9.574357
80 9.547449
80 9.554708
80 9.560057
80 9.563910
80 9.566773
80 9.568811
80 9.570351
80 9.571423
80 9.572205
80 9.572827
80 9.573230
80 9.573575
80 9.492928
80 9.514967
80 9.531001
80 9.542755
80 9.551282
80 9.557557
80 9.562085
80 9.565390
80 9.567853
80 9.569599
80 9.570926
80 9.571842
80 9.572562
80 9.573036
80 9.573382
80 9.573687
80 9.573857
80 9.574034
80 9.574162
80 9.574153
80 9.574249
80 9.574319
80 9.574267
80 9.574332
80 9.574332
80 9.574380
80 9.574414
80 9.547439
80 9.554751
80 9.559986
80 9.563910
80 9.566773
80 9.568811
80 9.489503
80 9.512416
80 9.529191
80 9.541383
80 9.550281
80 9.556826
80 9.561551
80 9.565052
80 9.567555
80 9.569434
80 9.570753
80 9.571716
60 9.545522
60 9.472505
60 9.365315
60 9.233186
60 9.082853
60 8.919287
60 8.772960
60 8.666163
60 8.480422
60 8.344860
60 8.245921
60 8.146762
60 8.020544
60 7.901475
60 7.787573
60 7.650595
60 7.631470
60 7.509715
60 7.420853
60 7.355997
60 7.308663
60 7.274116
60 7.141157
60 7.151863
60 7.051880
60 7.059755
60 7.011656
60 6.949551
60 6.904275
60 6.871179
60 6.847076
60 6.829433
60 6.789659
60 6.706731
60 6.727003
60 6.741849
60 6.644888
60 6.681868
60 6.681959
60 6.628127
60 6.642685
60 6.599463
60 6.540968
60 6.606074
60 6.545794
60 6.582594
60 6.555606
60 6.508960
60 6.555763
60 6.536024
60 6.494668
60 6.545280
60 6.528373
60 6.489084
60 6.460409
60 6.520329
60 6.510110
60 6.475755
60 6.450681
60 6.513229
60 6.478031
60 6.479291
60 6.453262
60 6.434265
60 6.501196
60 6.496199
60 6.465602
60 6.443271
60 6.426972
60 6.495925
60 6.492300
60 6.462756
60 6.441194
60 6.425457
60 6.494819
60 6.464595
60 6.469485
60 6.446105
60 6.429041
60 6.416587
60 6.488294
60 6.459833
60 6.466010
60 6.443568
60 6.427190
60 6.415236
60 6.406512
60 6.480940
60 6.454465
60 6.462092
60 6.440710
60 6.425103
60 6.413713
60 6.486248
60 6.458339
60 6.464868
60 6.442735
60 6.426582
60 6.414793
60 6.487036
60 6.458914
60 6.465339
60 6.443079
60 6.426833
60 6.414975
60 6.406321
60 6.480801
60 6.454364
60 6.462018
60 6.440655
60 6.425064
60 6.413684
60 6.486176
60 6.458286
60 6.464881
60 6.442745
60 6.426589
60 6.414797
60 6.487039
60 6.458917
60 6.465341
60 6.443029
60 6.426796
60 6.414948
60 6.406302
60 6.480839
60 6.454391
60 6.462038
60 6.440670
60 6.425075
60 6.413692
60 6.486181
60 6.458291
60 6.464884
60 6.442747
60 6.426590
60 6.414798
60 6.406192
60 6.480707
60 6.481245
60 6.454688
60 6.435305
60 6.421159
60 6.410834
60 6.484147
60 6.456806
60 6.463800
60 6.441905
60 6.425975
60 6.414350
60 6.405865
60 6.480520
60 6.481108
60 6.454587
60 6.435232
60 6.421106
60 6.410796
60 6.484067
60 6.456748
60 6.463758
60 6.441925
60 6.425991
60 6.414361
60 6.405873
60 6.480474
60 6.481074
60 6.454563
60 6.435215
60 6.421093
60 6.410786
60 6.484112
60 6.483729
60 6.456501
60 6.436577
60 6.422088
60 6.492360
60 6.462800
60 6.468175
60 6.445149
60 6.428343
60 6.416078
60 6.407126
60 6.481389
60 6.481742
60 6.455051
60 6.435570
60 6.421352
60 6.410975
60 6.484250
60 6.456881
60 6.463804
60 6.441958
60 6.426015
60 6.414379
60 6.486733
60 6.458694
60 6.465178
60 6.442962
60 6.426747
60 6.414861
60 6.487086
60 6.458951
60 6.465366
60 6.443099
60 6.426847
60 6.414986
60 6.406329
60 6.480807
60 6.454369
60 6.462021
60 6.440658
60 6.425066
60 6.413686
60 6.486228
60 6.458325
60 6.464858
60 6.442728
60 6.426576
60 6.414788
60 6.406185
60 6.480753
60 6.481253
60 6.454693
60 6.435309
60 6.421162
60 6.491659
60 6.462288
60 6.467802
60 6.444876
60 6.428144
60 6.415933
60 6.487842
60 6.459503
60 6.465743
60 6.443374
60 6.427048
60 6.415133
60 6.487258
60 6.459076
60 6.465457
60 6.443165
60 6.426896
60 6.415021
60 6.487177
60 6.459017
60 6.465415
60 6.443109
60 6.426854
60 6.414991
60 6.487155
60 6.459001
60 6.465403
60 6.443125
60 6.426867
60 6.415000
60 6.487161
60 6.459006
60 6.465406
60 6.443128
60 6.426842
60 6.414982
60 6.406326
60 6.480831
60 6.481335
60 6.454754
60 6.435353
60 6.421194
60 6.491682
60 6.462305
60 6.467814
60 6.444885
60 6.428151
60 6.415912
60 6.487853
60 6.486434
60 6.458475
60 6.438069
60 6.423176
60 6.412307
60 6.485196
60 6.484520
60 6.457078
60 6.437050
60 6.422432
60 6.411764
60 6.484799
60 6.484206
60 6.456849
60 6.436882
60 6.422310
60 6.411675
60 6.484735
60 6.457235
60 6.464114
60 6.442185
60 6.426180
60 6.414499
60 6.486796
60 6.458739
60 6.465186
60 6.442967
60 6.426751
60 6.414916
60 6.487100
60 6.458961
60 6.465374
60 6.443104
60 6.426851
60 6.414989
60 6.487154
60 6.459000
60 6.465402
60 6.443099
60 6.426847
60 6.414986
60 6.406329
60 6.480833
60 6.481337
60 6.454755
60 6.435354
60 6.421195
60 6.410861
60 6.484140
60 6.456801
60 6.463797
60 6.441927
60 6.425992
60 6.414362
60 6.486722
60 6.458659
60 6.465153
60 6.442944
60 6.426734
60 6.414903
60 6.487091
60 6.458954
60 6.465368
60 6.443100
60 6.426823
60 6.414968
60 6.487164
60 6.459008
60 6.465382
60 6.443110
60 6.426855
60 6.414992
60 6.406333
60 6.480836
60 6.481326
60 6.481683
60 6.455008
60 6.435539
60 6.421329
60 6.410959
60 6.484212
60 6.483789
60 6.456545
60 6.436661
60 6.422148
60 6.411556
60 6.484648
60 6.457171
60 6.464054
60 6.442141
60 6.426148
60 6.414475
60 6.405957
60 6.480561
60 6.481125
60 6.454600
60 6.435241
60 6.421113
60 6.410800
60 6.484097
60 6.483706
60 6.456484
60 6.436616
60 6.422116
60 6.492355
60 6.462796
60 6.468173
60 6.445134
60 6.428333
60 6.416070
60 6.407121
60 6.481411
60 6.481758
60 6.455050
60 6.435569
60 6.421352
60 6.410975
60 6.484224
60 6.456862
60 6.463842
60 6.441974
60 6.426026
60 6.414387
60 6.486714
60 6.458679
60 6.465168
60 6.442941
60 6.426732
60 6.414902
60 6.487103
60 6.458950
60 6.465365
60 6.443098
60 6.426840
60 6.414975
60 6.487149
60 6.539825
60 6.524385
60 6.486167
60 6.458281
60 6.437927
60 6.423066
60 6.493055
60 6.490250
60 6.461260
60 6.440096
60 6.424655
60 6.413380
60 6.485985
60 6.485090
60 6.457494
60 6.437347
60 6.422649
60 6.492751
60 6.463085
60 6.468370
60 6.445292
60 6.428447
60 6.416147
60 6.407176
60 6.481458
60 6.481780
60 6.455078
60 6.435590
60 6.421364
60 6.410981
60 6.484234
60 6.483809
60 6.456559
60 6.436668
60 6.422150
60 6.411555
60 6.484653
60 6.484118
60 6.483728
60 6.456497
60 6.436622
60 6.422120
60 6.492364
60 6.489743
60 6.460888
60 6.439827
60 6.424458
60 6.413239
60 6.485883
60 6.485014
60 6.457436
60 6.437309
60 6.422619
60 6.411898
60 6.484904
60 6.484299
60 6.456914
60 6.436928
60 6.422341
60 6.422341
60 6.411695
60 6.430868
60 6.417918
60 6.408467
60 6.401569
60 6.477365
60 6.451854
60 6.460177
60 6.439310
60 6.424079
60 6.412964
60 6.485682
60 6.484867
60 6.457328
60 6.437229
60 6.422560
60 6.411857
60 6.484874
60 6.484276
60 6.456897
60 6.436918
60 6.422333
60 6.492519
60 6.462913
60 6.468251
60 6.445201
60 6.428379
60 6.416101
60 6.487971
60 6.459593
40 6.438886
40 6.342937
40 6.245967
40 6.175194
40 6.096598
40 5.985350
40 5.877213
40 5.690512
40 5.635085
40 5.540739
40 5.444939
40 5.348077
40 5.223497
40 5.186459
40 5.105541
40 5.019541
40 4.956768
40 4.884017
40 4.777028
40 4.779778
40 4.754842
40 4.682751
40 4.603192
40 4.545127
40 4.583584
40 4.530816
40 4.519253
40 4.483865
40 4.431094
40 4.419522
40 4.330248
40 4.345921
40 4.357366
40 4.338769
40 4.271311
40 4.302906
40 4.299022
40 4.242302
40 4.254791
40 4.210020
40 4.258173
40 4.185546
40 4.240317
40 4.172507
40 4.230801
40 4.165562
40 4.198783
40 4.169143
40 4.201396
40 4.171051
40 4.121953
40 4.193904
40 4.138633
40 4.179129
40 4.154799
40 4.110105
40 4.158308
40 4.139603
40 4.099001
40 4.177153
40 4.126408
40 4.170206
40 4.148286
40 4.105339
40 4.154830
40 4.137064
40 4.097162
40 4.148861
40 4.132708
40 4.093969
40 4.146531
40 4.131008
40 4.092741
40 4.064800
40 4.125242
40 4.115470
40 4.081388
40 4.137349
40 4.124306
40 4.087851
40 4.142066
40 4.127748
40 4.090350
40 4.143889
40 4.129079
40 4.091321
40 4.144611
40 4.129593
40 4.091709
40 4.144882
40 4.129804
40 4.091850
40 4.064162
40 4.151713
40 4.107853
40 4.075829
40 4.133292
40 4.121345
40 4.085676
40 4.140479
40 4.126590
40 4.089518
40 4.143282
40 4.128636
40 4.090998
40 4.144362
40 4.129425
40 4.091586
40 4.144792
40 4.129738
40 4.091802
40 4.064114
40 4.151691
40 4.107824
40 4.075821
40 4.133286
40 4.121341
40 4.085673
40 4.140476
40 4.126588
40 4.089503
40 4.143271
40 4.128628
40 4.091005
40 4.144368
40 4.129428
40 4.091576
40 4.144784
40 4.129733
40 4.091811
40 4.144956
40 4.129858
40 4.091889
40 4.064178
40 4.151737
40 4.107858
40 4.075846
40 4.133304
40 4.121354
40 4.085682
40 4.140496
40 4.126603
40 4.089514
40 4.143267
40 4.128625
40 4.090990
40 4.144369
40 4.129429
40 4.091577
40 4.144798
40 4.129743
40 4.091805
40 4.064117
40 4.151680
40 4.107816
40 4.075828
40 4.133278
40 4.121335
40 4.085669
40 4.140486
40 4.126595
40 4.089509
40 4.143289
40 4.128641
40 4.091002
40 4.144352
40 4.129417
40 4.091568
40 4.063970
40 4.151572
40 4.107738
40 4.075745
40 4.133243
40 4.121309
40 4.085650
40 4.140472
40 4.126585
40 4.089501
40 4.143257
40 4.128618
40 4.090984
40 4.144365
40 4.129427
40 4.091575
40 4.144796
40 4.129741
40 4.091804
40 4.144938
40 4.129845
40 4.091880
40 4.145019
40 4.129904
40 4.091923
40 4.145051
40 4.129927
40 4.091939
40 4.145037
40 4.129917
40 4.091958
40 4.064229
40 4.151762
40 4.107876
40 4.075846
40 4.160266
40 4.114082
40 4.080376
40 4.163546
40 4.116502
40 4.082142
40 4.137886
40 4.124698
40 4.088123
40 4.142277
40 4.127903
40 4.090463
40 4.143985
40 4.129149
40 4.091372
40 4.144623
40 4.129615
40 4.091738
40 4.144890
40 4.129809
40 4.091854
40 4.145000
40 4.129890
40 4.091913
40 4.145018
40 4.129903
40 4.091948
40 4.064221
40 4.151756
40 4.107872
40 4.075869
40 4.133307
40 4.121356
40 4.085685
40 4.140498
40 4.126604
40 4.089515
40 4.143267
40 4.128625
40 4.091016
40 4.144363
40 4.129425
40 4.091573
40 4.144795
40 4.129741
40 4.091804
40 4.144964
40 4.129838
40 4.091901
40 4.145009
40 4.129896
40 4.091918
40 4.064225
40 4.151759
40 4.107873
40 4.075844
40 4.133316
40 4.121362
40 4.085689
40 4.140475
40 4.126587
40 4.089528
40 4.143277
40 4.128632
40 4.090995
40 4.144373
40 4.129432
40 4.091578
40 4.063951
40 4.124636
40 4.115027
40 4.081066
40 4.137101
40 4.124125
40 4.087731
40 4.141965
40 4.127675
40 4.090296
40 4.143863
40 4.129060
40 4.091307
40 4.144575
40 4.210402
40 4.150700
40 4.107100
40 4.156102
40 4.137993
40 4.097852
40 4.149352
40 4.133066
40 4.094231
40 4.146735
40 4.131156
40 4.092837
40 4.064870
40 4.152230
40 4.108243
40 4.076114
40 4.133486
40 4.121487
40 4.085780
40 4.140567
40 4.126655
40 4.089551
40 4.143320
40 4.128664
40 4.091018
40 4.144364
40 4.129426
40 4.091599
40 4.063967
40 4.151570
40 4.107736
40 4.075744
40 4.133243
40 4.121309
40 4.085650
40 4.140472
40 4.126585
40 4.089501
40 4.143257
40 4.128618
40 4.090984
40 4.144365
40 4.129427
40 4.091575
40 4.063949
40 4.124634
40 4.115026
40 4.081064
40 4.137125
40 4.124117
40 4.087725
40 4.141961
40 4.127698
40 4.090287
40 4.143831
40 4.129062
40 4.091334
40 4.063747
40 4.151410
40 4.107645
40 4.075703
40 4.133187
40 4.121243
40 4.085627
40 4.140430
40 4.126580
40 4.089471
40 4.143236
40 4.128628
40 4.091018
40 4.144364
40 4.129400
40 4.091581
40 4.144775
40 4.129752
40 4.091786
40 4.144976
40 4.129847
40 4.091907
40 4.145013
40 4.129874
40 4.091927
40 4.064231
40 4.151763
40 4.107851
40 4.075853
40 4.133296
40 4.121374
40 4.085672
40 4.140462
40 4.126604
40 4.089540
40 4.143286
40 4.128613
40 4.091007
40 4.144356
40 4.129446
40 4.091563
40 4.144814
40 4.129728
40 4.091821
40 4.064102
40 4.124720
40 4.115115
40 4.081155
40 4.137166
40 4.124146
40 4.087747
40 4.141977
40 4.127709
40 4.090295
40 4.143837
40 4.129067
40 4.091338
40 4.063750
40 4.151412
40 4.107646
40 4.075704
40 4.133188
40 4.121243
40 4.085628
40 4.140430
40 4.126580
40 4.089471
40 4.143236
40 4.128628
40 4.091018
40 4.144364
40 4.129400
40 4.091581
40 4.144775
40 4.129752
40 4.091786
40 4.144976
40 4.129847
40 4.091907
40 4.145013
40 4.129874
40 4.091927
40 4.145028
40 4.129936
40 4.091920
40 4.145074
40 4.129919
40 4.091959
40 4.145051
40 4.129902
40 4.091947
40 4.145042
40 4.129947
40 4.091928
40 4.145081
40 4.129923
40 4.091962
40 4.145053
40 4.129903
40 4.091949
40 4.145043
40 4.129947
40 4.091929
40 4.145081
40 4.129923
40 4.091962
40 4.145053
40 4.129903
40 4.091949
40 4.064247
40 4.151775
40 4.107860
40 4.075860
40 4.160251
40 4.114097
40 4.080361
40 4.136638
40 4.123761
40 4.087465
40 4.141771
40 4.127508
40 4.090200
40 4.143767
40 4.129016
40 4.091249
40 4.144585
40 4.129561
40 4.091699
40 4.144861
40 4.129763
40 4.091846
40 4.144969
40 4.129893
40 4.091889
40 4.145051
40 4.129902
40 4.091947
40 4.064195
40 4.124839
40 4.115149
40 4.081180
40 4.137184
40 4.124160
40 4.087757
40 4.141984
40 4.127715
40 4.090299
40 4.063044
40 4.150897
40 4.107270
40 4.075378
40 4.159899
40 4.113840
40 4.080225
40 4.136487
40 4.123651
40 4.087385
40 4.060916
